0.1245104764 -0.0112369605 0.0479960662 0.1585362695 
0.0729233357 -0.0162609730 0.0611143877 0.0546773003 
-0.0402854785 0.0691980633 -0.0470997635 -0.0791548956 
0.0062981463 0.2379546204 -0.0180532808 0.0175455394 
0.0246227945 0.0312940970 0.1616659924 0.0377450999 
0.0040577538 -0.0067170000 -0.0781730015 0.0394397202 
0.0110885766 0.1342384720 -0.1356897971 -0.0333258101 
-0.0869360060 -0.1686124794 -0.0394554118 -0.0997129127 
-0.0769531329 -0.0845245386 0.1137730445 -0.0918120865 
-0.0136056478 -0.0893919552 -0.1064029022 -0.0070744058 
0.2248172084 0.0587230141 0.1810187570 0.2232481773 
0.1464088879 0.3976658094 -0.0892990218 0.1350231196 
0.2124676731 0.3831472530 0.1648493651 0.2293565555 
0.1737383015 0.3140979921 0.2735481746 0.2052242593 
-0.0507791930 0.1295826685 0.1569045826 -0.1111329847 
-0.0279712560 0.0212992928 0.1205059786 -0.0570838139 
-0.0634125511 0.0049889429 0.0823852482 -0.0874203426 
-0.0442523231 0.0248067703 -0.1340146478 0.0260653334 
0.0645834327 0.0047621172 0.0528010601 0.0435596910 
0.0423107093 -0.0775982681 0.0950246773 0.0957856313 
-0.0410062235 -0.0171773613 -0.1053703408 -0.0323025581 
-0.0478291574 0.2344277339 -0.0899687395 -0.0091422043 
-0.0442769272 0.0288244911 -0.1272799841 0.0417596049 
0.0129176967 -0.0102111660 0.0131145846 0.0395371240 
-0.0039152945 -0.1558499634 -0.0608969387 0.0611801792 
0.1008713616 -0.1054039249 0.0735168123 0.1317916049 
0.0144235281 -0.0829057822 -0.1483394168 0.0909750358 
0.0271293246 0.1001897610 -0.1497355235 0.1172851779 
0.0366751179 0.0834067374 0.0359466355 -0.0105326633 
-0.0990022097 -0.1478056769 -0.1091843321 -0.0724569900 
-0.0440878108 0.0991738429 -0.0695275925 -0.0843682081 
-0.0634964552 0.0623386706 -0.1768774612 -0.0439211466 
-0.0616056108 0.1722212723 0.1658730068 -0.1181729098 
0.0319161122 0.0149781248 0.3415468383 -0.0070016882 
0.1104887735 -0.0984704893 0.2398107509 0.1374763165 
-0.0336255309 -0.2531440239 0.1588479046 -0.0558112277 
0.0722733786 -0.1573915861 0.1095762817 0.0968975490 
0.2582141865 0.2477735257 0.1489541324 0.2785483482 
0.1160003615 0.1630630650 0.2790454204 0.0903429764 
0.0272103264 0.3041093860 0.1004721961 0.0598630375 
0.0786465397 -0.0940236697 0.0370823289 0.1140128795 
0.1114414440 0.1262305121 0.0618041083 0.0926526382 
0.0403812300 -0.0326343037 0.0956982935 0.0416398382 
-0.0129934297 -0.1505496708 -0.0563754808 0.0121357430 
-0.0933439009 -0.1364005254 -0.1786552257 -0.1044400528 
-0.1133605583 -0.1381191669 -0.1965686284 -0.0655020670 
-0.0800303222 -0.1024261438 -0.0866545394 -0.0109720694 
-0.0251669056 -0.0697929642 -0.1763281817 -0.0490191005 
-0.0764884690 -0.2007498472 -0.0558411717 -0.0579374014 
-0.0431910936 0.0839234286 -0.0389597078 -0.0171732553 
-0.0203443523 -0.0021699911 0.0926360777 -0.0415476203 
0.0412125821 -0.1082306588 -0.0209321604 0.0579816060 
0.0952349019 0.1224142206 0.1318878728 0.0638287664 
0.2627367309 0.0626640466 0.3922474714 0.3279265595 
0.0678162060 0.0164631888 0.2254918948 0.0553748250 
-0.0166558480 0.0666277500 0.0230649544 -0.0061152297 
-0.0638231458 0.1650722063 -0.0332630392 -0.1253661439 
0.0590843377 0.0242291939 -0.1424899236 0.0548645587 
0.0280327525 -0.0862454215 -0.1432880947 0.0638895386 
0.0602725601 0.0261937408 -0.1216777464 0.1001958896 
0.1072064642 -0.0986539109 -0.0090437717 0.1132952175 
-0.0092495955 -0.2030970209 -0.1394141516 0.0239310888 
-0.0070170509 0.1091522255 0.0319708439 0.0185239777 
-0.0495953406 -0.1563394630 -0.1107835885 0.0093072692 
-0.1441230460 -0.2180814069 -0.1222326228 -0.1544377003 
-0.1067289039 -0.1749551628 -0.1773730089 -0.1265847071 
-0.0160400487 -0.0102185824 -0.0240319500 -0.0354364800 
0.0729492321 -0.0487765090 0.0094365205 0.0907683830 
-0.0071973303 0.0083097259 0.0940659748 -0.0550200256 
-0.1202075514 -0.0705834937 -0.0725897261 -0.1564856124 
-0.0096344890 0.0473205868 -0.0710087729 0.0226553781 
-0.1743009137 -0.2231986788 -0.2346544197 -0.1587201531 
-0.0248147459 -0.2467839837 -0.0892349319 0.0003896968 
-0.0912208440 -0.2571864496 0.0102582594 -0.1550920587 
-0.0130248371 -0.0431642707 0.0340361944 -0.0432343518 
0.0034997023 -0.2797117500 -0.0604998314 0.0219556751 
-0.0789066091 -0.1222353812 -0.1264298542 -0.0834888361 
-0.0091399327 -0.0250788513 -0.0707962674 -0.0058071058 
-0.0671289985 -0.0518560601 -0.0698436854 -0.0225836782 
0.1025871080 -0.1108170739 0.1555193734 0.1200769116 
0.0382492203 0.0638658895 0.0302505454 -0.0141480516 
0.0511842433 -0.2512228704 0.0403987188 0.0656090665 
0.0003650392 -0.1372067716 -0.1342710469 0.0362668380 
-0.0437120885 -0.0152136941 -0.1142040319 0.0013466841 
0.0691813847 -0.0787625070 0.0243235999 0.0751695718 
0.1214725875 -0.0470344073 0.2194504876 0.1606806417 
0.0813803906 -0.1163873117 0.1621447327 0.1435949019 
0.0166718269 -0.0345256193 -0.0084429843 -0.0594801576 
0.0176063093 -0.0291220103 -0.0704438686 0.0206305713 
0.1023000295 0.0159413403 0.0723931893 0.1424181903 
-0.0286378403 -0.1116148536 -0.1030505267 -0.0241703219 
-0.0079205964 0.0758278023 -0.0241946212 0.0146019010 
0.0496100111 -0.1738656043 0.1425759128 0.0754723000 
-0.0075681220 -0.1670577227 0.1088836860 0.0572629188 
-0.0314049038 -0.0201290998 0.1234432694 -0.0470203905 
0.0283378073 0.1500539617 0.1620799377 0.0193106352 
-0.0889129971 0.1792164843 0.0453705325 -0.1283576131 
-0.1681216248 -0.0625771350 -0.0373080133 -0.1779915827 
0.0468477487 -0.0502785998 0.0002746156 0.0319057874 
0.0038841294 -0.1675236487 0.0035887769 0.0702527724 
-0.0195365264 0.0667930934 -0.1229318054 0.0301251456 
-0.0750976603 0.0130178345 -0.1370106161 -0.0387957529 
-0.1526301287 -0.0285282866 -0.0903702476 -0.1890523240 
-0.1294528967 0.0182983297 -0.0679683926 -0.1296084249 
-0.0284796156 -0.0932380696 0.0937279994 -0.0930790265 
0.0315509530 0.1162531536 -0.0487762319 0.1224764970 
0.0474467562 -0.0506805730 0.0735907167 0.0537171670 
-0.0536961474 -0.2891244617 -0.2169184172 -0.0393161353 
-0.1812429193 -0.2745890596 -0.2332573135 -0.1698045010 
-0.0456166262 -0.2743348023 -0.0779612388 0.0023426106 
0.0105601268 0.2072493821 -0.0646018740 0.0481745846 
0.0406979169 -0.1861291173 0.0743034188 0.0531953149 
0.0304727834 0.2122718238 -0.0145525552 -0.0105370207 
0.0973065839 -0.0250549334 0.4224821942 0.0179578281 
-0.0112476290 -0.1283793068 0.1211714532 -0.0462026546 
-0.0113854737 0.0628752856 0.0266765135 0.0143018342 
0.0173037893 -0.0030630924 -0.0110956081 -0.0088027476 
-0.0083755161 -0.1213893711 0.2159723823 -0.0476931670 
0.0055491955 -0.1219133875 0.0897501775 0.0864417469 
-0.0972588487 -0.2525473421 -0.0999184206 -0.1428172123 
-0.0362001825 0.0607793945 -0.0241492964 -0.0873975951 
-0.0396924093 -0.0133427069 0.0427270986 -0.0358976284 
0.0028493947 -0.0062289765 0.0600708390 0.0373426179 
0.0673848806 0.3802748797 0.1526691394 0.0742800420 
-0.1375962131 -0.2143975297 -0.0306698520 -0.1196968768 
-0.0558828116 -0.0401219475 0.0881895260 -0.0715137072 
-0.0181295386 -0.1065522775 0.0722227020 0.0464718667 
0.0082092530 0.1639209272 0.1246786599 0.0051563272 
0.1197136755 0.1800322188 0.1251232445 0.0500042023 
0.1409947297 0.2274021018 0.1483982150 0.1016555012 
0.1496114170 0.1447015705 0.1098666259 0.1804313208 
0.0363086756 0.0756708453 0.1599653353 0.0142142741 
0.0399188418 -0.0393088170 0.2574324648 0.0014954836 
0.0059909137 -0.0680573734 0.0978455962 0.0389550022 
0.0134605656 0.0080284647 0.0639247517 0.0027979495 
-0.0007027345 -0.0142350057 0.0080174795 -0.0421424481 
0.0988303417 0.0396202254 0.1418109136 0.0085215474 
-0.0199850506 -0.0780813252 0.1224086454 -0.0791855167 
0.0092882193 -0.1118035092 0.1143177126 -0.0451385429 
-0.1704019123 0.0344932828 -0.1409941357 -0.1445393158 
-0.2039612595 0.0308388764 -0.1401732134 -0.1954508092 
-0.1728809705 -0.0191743392 -0.1069133182 -0.2501401212 
-0.0212251552 0.0121122451 0.2468569901 -0.0148861862 
-0.0342897311 0.2329070213 0.0371361287 -0.0636852420 
-0.0940279576 0.2272215719 -0.0150089557 -0.1133347045 
-0.0957059713 -0.1341411927 -0.1888506818 -0.0266738916 
-0.0857650400 -0.1344359459 -0.1421416417 -0.1058520977 
-0.1745996725 -0.0200326330 -0.2054135982 -0.2263401595 
-0.0593940509 -0.0769609677 -0.1766250196 -0.0261269057 
0.0708250544 0.1512120762 0.1197233876 0.1221432699 
-0.0263548411 0.0529432342 0.0360240569 -0.0498998553 
0.0054985193 0.0243361078 0.0972193735 -0.0120156080 
-0.0266327941 -0.0696108859 0.0183698678 -0.0400576788 
0.0381716783 0.1784526235 -0.0636202157 0.0841479586 
0.0402706867 0.0291627332 0.0033072022 0.0634332518 
-0.0595660045 -0.0622885618 0.0078739256 -0.0129980827 
-0.0572724230 -0.0454191053 -0.1912064566 -0.0212747319 
0.0215191760 -0.0801044098 -0.0552568187 0.0988327364 
0.0350185406 -0.0169901022 0.0425821490 0.0487321780 
0.0390646934 -0.0440768656 -0.1060098012 0.1367601498 
-0.0216630459 -0.0694705780 -0.1895694681 0.0310908484 
0.0085786244 -0.0696846241 -0.0678165910 0.0604999436 
-0.0666242252 -0.1115842961 -0.1083444717 -0.0240892054 
-0.0379092452 -0.0166573262 -0.1444608475 -0.0422745106 
-0.0147846756 0.0459989773 -0.0671140313 -0.0342941750 
-0.1023954187 -0.0981174450 -0.0395904361 0.0005094127 
-0.0310749664 -0.0264156583 -0.0166661642 0.0497197810 
-0.0338006543 -0.0792844279 -0.0663902247 -0.0360968748 
-0.0651781942 -0.1983745549 -0.0053843690 -0.0552534044 
-0.0706341163 0.0672794676 -0.2285818019 -0.0944282949 
-0.0589341990 0.1460890152 -0.2459218950 -0.0996170031 
-0.0811559874 -0.0684525763 -0.1580335868 -0.0947253743 
-0.0781012251 -0.1492463996 -0.2248734892 -0.0246024942 
-0.0910806086 -0.0458099621 -0.1981187168 -0.1297758260 
-0.0414257053 -0.0805472829 -0.1683349207 -0.0100289078 
-0.0129861622 -0.0839855481 -0.0781375245 0.0122564564 
-0.1381332421 -0.1370457817 -0.2167351181 -0.1609599580 
-0.0768039084 -0.0963332525 -0.1983821011 -0.1129200098 
-0.0509142614 -0.1185878101 -0.2126998563 0.0003697801 
-0.0489173150 -0.1897792058 -0.1885491888 -0.0146895942 
-0.0107925588 -0.1528048593 0.0174761260 0.0630006281 
0.0313880033 -0.1055283286 0.1506297357 0.0432314459 
-0.0047380740 -0.0799861061 0.0570861194 -0.0010411228 
0.0025647562 -0.0630991168 -0.0772067778 0.0505400330 
-0.0105905252 -0.1470318130 -0.1104375395 0.0478443136 
-0.0341248348 -0.1390669498 -0.1144700862 0.0008393216 
0.0599794913 -0.1231279516 -0.0371630335 0.1136520119 
-0.0131343074 -0.0001895182 -0.2093394165 0.0032702206 
0.0011802985 0.0304860876 -0.3228141163 0.0612728999 
-0.0019944628 -0.0228904458 -0.2720428372 -0.0444662799 
-0.1297921776 0.0075262362 -0.3114166701 -0.1472556967 
-0.0194726593 -0.0012081044 -0.1402540997 -0.0588787980 
-0.1221154558 -0.0238502298 -0.1919866028 -0.1057148349 
-0.0228677589 -0.1043600230 -0.1767902281 0.0480962210 
-0.0685486737 -0.0494564325 -0.1716412912 -0.0786874783 
0.0303400896 -0.0629445592 -0.1809553274 0.0359276398 
0.0730963185 0.0207678819 -0.1951648913 0.1106901637 
-0.0601810746 -0.1157989646 -0.1703384209 -0.0294900031 
0.0501961779 0.0792066682 -0.1673177479 0.1147851040 
-0.1055790517 0.1378636455 -0.0914820445 -0.1554661777 
-0.0641227549 0.1704937432 -0.2354653076 -0.0279318926 
-0.0956935084 0.1133596926 -0.2009119506 -0.1209856062 
-0.0166018627 0.0830404746 -0.0826870906 0.0051341930 
-0.0003355535 0.1400294224 -0.0903444626 -0.0311040542 
-0.0268888899 0.1022095912 -0.1336154322 -0.0295429521 
-0.0967487768 -0.0423960906 -0.2246246414 -0.1027911039 
-0.0507409688 0.0018839191 -0.1979144336 0.0560405106 
-0.0486757917 -0.0060474959 -0.0360104752 -0.0361841851 
-0.0387701608 -0.0170005526 -0.1395945187 -0.0400144003 
0.0079596629 -0.1599853865 0.1242892502 0.0295581893 
-0.0223360403 -0.1188751521 0.1781504412 -0.0384121491 
0.0216681368 -0.1029850988 0.0758068055 -0.0040785790 
0.0724099417 -0.2091938457 0.0250988727 0.0559364487 
-0.1216784216 -0.0935514949 0.0716950547 -0.1668235711 
-0.0994367118 -0.1768127862 0.0602841344 -0.1262670261 
0.0705725820 -0.0870612351 0.1733500427 0.0030034161 
0.0085564049 -0.1047374773 0.2743417976 -0.0567433308 
-0.1513900249 -0.0479034831 -0.1387840963 -0.2024560037 
-0.0210740101 0.0291753301 0.0354583021 -0.0993623430 
0.0062714583 -0.1517431547 -0.0145734553 0.0314904132 
-0.0176353785 -0.0625980637 -0.0545369951 0.0957054013 
0.0081643562 -0.0951779726 -0.1043076727 0.0042236993 
0.0708268118 -0.0020239544 -0.0496756437 0.0459944558 
-0.0418681125 0.1333708851 -0.2331069270 -0.0290378054 
-0.0729253110 0.1443307587 -0.0847011026 -0.0767119574 
0.0006212626 0.3238669308 0.0503895127 0.0266387382 
-0.0654971042 0.0898926978 -0.0306333892 -0.0867970851 
-0.1392021601 0.0429155706 -0.0686516747 -0.1335199134 
-0.0705464241 -0.0946672217 -0.0932810466 -0.1613916798 
-0.0728843326 0.0009176157 -0.0480407893 -0.0880526742 
0.0426433271 0.1737998834 0.0651111128 0.0196024914 
-0.0151187456 -0.0335699358 -0.0480920482 -0.0586694638 
-0.0165863024 -0.1193065084 0.0830511813 -0.0836788642 
-0.0379743663 -0.0132012070 0.1244165398 -0.0563489924 
-0.0091176358 -0.0188880737 -0.1083746860 0.0916540536 
0.0053599199 -0.0267239520 -0.1573831931 0.0629329923 
0.0390638600 -0.0820341215 -0.0855266066 0.1815222725 
0.1118215322 0.0319583796 -0.0860617172 0.2213582306 
-0.0081008041 0.0898575891 -0.1060247278 0.0350177074 
0.0930670839 0.1533092985 -0.0810338329 0.1822786287 
0.0416094439 0.1760520805 -0.0863481162 -0.0149665929 
-0.0336807079 -0.1115975318 0.0408025334 -0.0234801046 
-0.0926689004 -0.1291152093 -0.0078532242 -0.1238650945 
0.0368242316 0.0180015304 0.1749989488 0.0089537578 
0.0422000859 -0.1112360992 0.0806364414 0.0386823840 
-0.0167120983 -0.0311477560 0.1342231976 -0.0622287682 
-0.0830820277 -0.0385100137 -0.0009783890 -0.1525018561 
-0.1045757095 -0.0606709753 -0.1096858307 -0.0958988483 
0.0012898901 -0.1499632674 -0.0786095666 -0.0162884315 
-0.0060641663 -0.2011195716 -0.0242544975 0.0069426879 
-0.0856972562 -0.2318967219 -0.1861365042 -0.0454953539 
-0.0118646066 -0.1441182173 -0.0383682759 -0.0679626441 
-0.0448241485 -0.2147281882 -0.1500477361 0.0042021890 
-0.0395716679 -0.1190051253 -0.1472245150 -0.0203260691 
-0.0021658631 -0.1165238939 -0.1887882335 0.0773998171 
-0.1066132278 -0.2111130133 -0.2681437006 -0.0122142860 
0.0322683253 -0.1281749685 -0.0226303964 0.0538526354 
-0.1646597159 -0.0258062690 -0.1868866008 -0.1489096255 
-0.1697181660 -0.2522469682 -0.1422068346 -0.1838103780 
-0.1571931671 -0.2476427695 -0.0920860875 -0.1011352720 
-0.0474314582 -0.2771878055 -0.1108897187 0.0451397271 
-0.0351916363 -0.2527408386 0.0096493105 0.0209624353 
0.0397311353 -0.0382796325 -0.0073522322 0.0577166399 
-0.0921691300 -0.0114301078 -0.0594495895 -0.1026279347 
-0.0418325284 0.0739749278 -0.2092815367 0.0230028060 
0.0644600990 0.1173327680 -0.0973594180 0.0507958341 
0.0852434793 0.0744726520 0.1108492611 0.1224653828 
0.1426257207 0.0928783911 0.2471698473 0.1347769250 
0.0948879219 0.2043770565 0.1929815001 0.1295169250 
0.1538839566 -0.0635893624 0.2887793277 0.1394109071 
0.1171078108 -0.1245909355 0.1785428116 0.1876678516 
0.0441740521 0.0582923893 0.0777757179 0.0140922065 
-0.0482263015 0.0045431890 0.0135958053 -0.0975935435 
-0.0992715942 -0.0874257410 0.0495975079 -0.1459533494 
-0.0795034638 -0.1100866618 0.1096078259 -0.1313860417 
0.0404459593 0.0645198120 0.1046265591 0.0224722530 
-0.0564974008 0.1237452383 0.0401389912 -0.0871184778 
-0.0311023333 0.2172257906 -0.0201758345 -0.0588311891 
-0.0155398195 0.0185106943 -0.0298475800 -0.0435941141 
0.0023252530 -0.0467373056 -0.0376969122 0.0486029162 
-0.0381638160 -0.0633408365 0.0005697715 -0.0808763634 
0.0500107034 0.2635973268 0.0465851159 0.0543925421 
0.0107711136 -0.0270125724 -0.1041635821 0.0297569322 
-0.0901235934 -0.1473792828 -0.0949070041 -0.0735920803 
-0.1265546083 0.0214642335 -0.0834699578 -0.1615613529 
-0.0491053121 -0.0288996929 -0.0552530832 -0.0406684135 
-0.0178701995 -0.0683976623 -0.0661993837 -0.0067714573 
0.0313990058 0.1605350812 -0.1372296791 -0.0315213945 
0.0008503224 0.1849946378 -0.0846291109 0.0123440811 
-0.0555700606 -0.0125725700 -0.1344072026 -0.0139394831 
0.0183488719 0.0483959303 -0.1084581228 0.0266561077 
-0.0039082268 0.1016998613 -0.0023836990 -0.0273057292 
-0.0311438926 -0.1073810805 0.0478590083 -0.0334193133 
0.0307551473 -0.1641212363 -0.0214545684 0.0573759107 
0.1268409460 -0.0199878078 0.0975614089 0.2347478512 
0.0148471475 -0.0535069197 0.0555468146 0.1086046440 
0.0785128679 -0.0606050257 0.0769719943 0.0561014311 
-0.0324469599 0.0448496788 -0.1030176405 -0.0760943671 
-0.1140450427 -0.0825247647 -0.0922894860 -0.1055771336 
-0.1300339186 -0.1414612733 -0.0980284743 -0.1262911500 
-0.0411722123 0.0381965747 -0.1147570879 -0.0331863903 
-0.1084399229 -0.1599170016 -0.0757174664 -0.1289218997 
-0.0585738833 -0.0608507140 -0.0123246772 -0.0684661439 
-0.0309542567 0.1120584392 -0.0535734793 -0.0319475487 
-0.1097044699 -0.1290604942 -0.1357109203 -0.0871130065 
-0.0887016822 -0.0550134959 -0.1153487978 -0.1164548223 
-0.0610066703 -0.2069062153 -0.0731502718 -0.0411720277 
0.0262145855 0.0336925876 -0.0017576224 0.0637307261 
0.0754098038 -0.0037038082 -0.0784135873 0.0807990272 
-0.0686125706 -0.0750848189 -0.1045682301 -0.1010973248 
0.0147561813 0.0093936381 0.0412610034 0.0164645393 
-0.0259371376 -0.0790011479 -0.0383695847 -0.0441001425 
-0.0862139139 -0.1975914558 -0.2394283516 -0.0991173124 
-0.0098705817 -0.0055651631 -0.0048778249 0.0016642195 
-0.0232768612 -0.1302251150 0.0867925962 0.0019852415 
-0.0046369056 -0.0855858590 -0.0736114761 -0.0488327704 
0.0196903606 -0.0762929215 0.0935931928 0.0180468176 
0.0248771122 -0.1581169214 0.1135758549 0.0214315921 
-0.0441198751 -0.1138140347 0.0960234248 -0.0726183108 
-0.1403804853 -0.3582110722 -0.1757214319 -0.0717839440 
0.0035165457 0.1533959511 0.0756923494 -0.0086362830 
0.0549205306 -0.0147951691 0.1041743469 0.0767084319 
0.0217570000 0.0876905199 0.1578496107 -0.0312271841 
0.0146929951 -0.0135332398 0.1137454738 0.0589254245 
0.1061733747 0.1705660781 0.0969310148 0.0939271725 
0.0753967545 -0.0026024430 -0.0267792425 0.1021008617 
0.0210914293 0.1053053708 0.0324767984 0.0244385666 
0.0038263382 -0.0553584093 0.0343242595 0.0424293523 
0.0349681857 0.0835694911 -0.0195065191 -0.0096841231 
-0.0292928846 0.0018040675 0.0098803183 -0.0377421693 
-0.0569947402 0.1280514170 0.0167671710 -0.0571167376 
0.0617070757 -0.0151164165 -0.1607008920 0.0933788392 
0.0246694095 0.4807389341 -0.0199118553 -0.0106676691 
-0.0905816145 -0.0808021465 -0.1149081498 -0.0751401080 
-0.0536055512 0.3180423224 -0.1288625060 -0.0500168381 
-0.0944033776 0.0945084584 -0.1474030901 -0.1353939196 
0.0092565844 0.0192427020 0.0291672339 -0.0469783845 
-0.0180321124 0.3596540358 -0.0524533159 -0.0415710744 
0.0490147252 0.4209469053 0.0271000038 0.0473921228 
-0.0280887377 0.0064545921 0.0381641229 -0.0048821168 
0.0570167857 0.1101062697 0.0069776317 0.0320573260 
-0.0445302482 -0.1344487232 -0.0415640508 -0.1300306804 
-0.0682888059 -0.2431784196 -0.1488895317 -0.1041479509 
-0.1443357377 -0.2087709017 -0.1759312248 -0.1934501071 
-0.0436487832 0.2867747647 0.0626709518 -0.1345363902 
-0.0780589067 -0.0916974254 -0.0872043878 -0.1099025697 
0.0657228603 -0.0589167162 0.1572018762 -0.0017682903 
0.1759930716 -0.1241835865 0.2150093031 0.2192676051 
-0.0277527869 -0.0440088839 0.0022159099 -0.0618061896 
-0.0726564104 -0.1229268119 -0.2007880735 -0.1035450228 
0.0961411445 0.2630240687 0.0322799050 0.0977763011 
0.0118874883 0.0878492347 -0.0220044936 0.0006005399 
-0.0907564032 -0.1276829475 -0.0219722395 -0.0931842014 
-0.0220497962 0.1329324467 -0.0847375052 -0.0617523787 
0.0341834262 0.0377055212 -0.0751780438 0.1055170721 
0.0409099380 -0.0088053102 -0.0378201254 0.0283945651 
-0.0192730426 -0.1397405381 -0.1162308416 -0.0405078311 
-0.0151452316 -0.1885337122 -0.1696667326 0.0344036333 
0.0243007018 0.0284655345 -0.1022820397 0.0800434749 
0.0103292837 0.0291069005 -0.0933040129 0.1078681833 
0.0070093978 0.2438413260 0.0208467010 0.0590158542 
0.0815133287 0.1502911890 0.1095523211 0.0464044561 
-0.0231588517 0.0827463353 -0.0890702674 -0.0100622336 
-0.0960108604 0.0300966364 -0.1588249959 -0.0699951102 
-0.0695341958 0.0492906205 -0.0373766373 -0.0761806824 
0.0087335327 -0.0310110908 -0.1116708796 -0.0579245993 
-0.1136656733 -0.1069164533 -0.2460752106 -0.0571691137 
-0.1136276388 -0.0031650760 -0.1811835442 -0.0938167906 
-0.1291682130 0.0259973639 -0.1345015899 -0.1369793535 
