-0.0458224503 -0.0502681766 -0.0195157125 -0.0421801337 
-0.0370657104 -0.0791847688 -0.0766857885 0.0161228968 
-0.0223199078 -0.0826183856 0.0148108883 -0.0643251006 
-0.0235172295 -0.0501255948 0.0147117439 -0.0111901598 
-0.0490217074 -0.0862774780 -0.0693666982 -0.0332187448 
0.0589287319 -0.0808345302 -0.0048841397 0.0793323148 
0.0230498068 0.0303557982 -0.0166579464 0.0337087915 
0.0258537561 0.2212403793 -0.1537699986 0.0073191750 
0.1485296507 -0.0472931335 0.2352647020 0.0934398628 
0.0010989981 -0.0172372800 -0.0153687898 0.0451713730 
0.0878170537 0.0890376249 0.1811635853 0.1531859092 
0.0759444450 -0.1022631794 0.1412290640 0.1440348215 
-0.0083638239 -0.1574965206 -0.0100847014 0.0408676172 
-0.0549006502 -0.2142755201 -0.0224380662 -0.0536670485 
-0.0694754211 -0.1854456259 -0.0971683113 -0.0464410435 
-0.0337239151 0.0836147310 -0.0377894951 -0.0107451840 
-0.0978341408 -0.1953078994 -0.0485186076 -0.1043798931 
0.0601507747 0.3893273984 0.1194348908 0.0117985929 
0.0228917525 0.0579364981 0.0429575723 0.1107547870 
0.0583992878 0.0697599705 0.0020594169 0.0694165925 
0.0844616668 0.1418899350 0.1597766617 0.1372887242 
0.0209505111 -0.1310634110 0.2084678517 0.0278083672 
-0.0094520709 -0.2891547512 0.0090262471 -0.0221634603 
-0.1053445966 0.0878025980 -0.1107411442 -0.1430121009 
0.0323331280 0.2976398705 -0.0080453075 0.0266661438 
0.0334169511 -0.0128284959 0.0265896417 0.0470414771 
0.0859033537 0.2248484763 -0.0350524372 0.1175328254 
0.0048864881 0.0434645409 -0.0845406026 0.0172495595 
-0.0753907763 0.0548485273 -0.0466842155 -0.1191795821 
-0.0470546328 -0.1198628255 -0.0476493412 0.0412128089 
-0.1186226035 -0.0209290233 -0.2116117572 -0.1676942967 
-0.0538106529 0.0089439680 0.0649521837 -0.1166882556 
0.1632344752 -0.0989421837 -0.0779112086 0.0985621106 
0.0005331490 -0.2181936077 -0.0489234882 -0.0304308464 
-0.0837035000 -0.1426188036 -0.1821767401 -0.0634231693 
0.0351669749 -0.0822255220 -0.1356602701 0.0452201558 
0.1737372796 0.1886049278 0.2676603223 0.1271746421 
0.1268599585 0.1439202626 0.1147369733 0.0961874918 
0.0006626515 -0.2452935513 0.0412322509 0.0468098725 
-0.1136985201 -0.1042488986 -0.0475522117 -0.1091515212 
-0.1573587746 -0.1976996797 -0.1518596580 -0.1151091560 
-0.0383888057 0.0466519878 -0.0314568047 -0.0694933235 
-0.0921211011 0.1664600272 -0.1014572544 -0.1423398632 
-0.0842231297 0.1198532842 -0.1529765029 -0.1117558929 
-0.1208740135 -0.0981294610 -0.1913114292 -0.1275130573 
-0.1432503446 -0.0591752397 -0.1072740380 -0.1420390661 
0.0596917692 -0.0925527585 -0.0810325028 0.0829261903 
0.0401133786 0.0303384163 0.0969072724 0.0369520430 
-0.0760572593 -0.1765307217 0.0641270243 -0.1447692867 
0.1018538009 0.1265633215 0.1492070678 0.0541029773 
0.0170452648 -0.0982402257 -0.0093197481 0.0279851746 
0.0776276067 0.3077242500 0.0968908090 0.0991001435 
0.0432514552 -0.1528179322 0.2383358477 0.0247605790 
-0.0144987449 -0.1235842210 -0.0064759957 -0.0833828923 
-0.1119918767 0.0574478047 -0.0617551348 -0.1515697302 
-0.0701995646 0.0571302956 -0.0276892540 -0.0594504549 
-0.0864391541 -0.0354144405 -0.0488023110 -0.0687835536 
0.0422164314 -0.0404039918 0.1025918236 0.0038147660 
-0.0225141477 -0.1076547716 0.0530256602 0.0466563805 
-0.0944575221 -0.0463998051 -0.1425049217 -0.0923722317 
-0.0779839645 -0.1481756073 -0.2937857724 -0.0517627255 
-0.0564546994 -0.0385669069 -0.1337440826 -0.0624290320 
-0.1075343458 -0.0894328864 -0.1900839602 -0.0598629197 
-0.0981004871 -0.0953642080 -0.2604586587 -0.0326052561 
-0.1849368646 -0.2333187256 -0.1908715359 -0.1872243604 
-0.1492971975 -0.1361959679 -0.1891057827 -0.1618603910 
-0.1250977821 -0.0995434558 -0.2107296241 -0.1254181292 
0.0226822910 -0.0008075332 -0.0540178721 0.0358296184 
0.0194339365 0.0046136614 -0.0247697942 0.0132540383 
-0.0084379181 0.3296007059 0.0754191554 -0.0473661840 
0.0896426167 0.1728666877 0.1897285463 0.0585980715 
0.1261154978 0.1981181055 0.0516945301 0.0850128684 
0.0770394436 0.1602078707 0.2332122809 -0.0316295731 
-0.0616962464 -0.1213567883 -0.0448090849 -0.0142364324 
0.1139748092 0.1941551712 -0.0157827131 0.1348539649 
-0.0530152313 -0.0360182769 0.0502410422 -0.0391716210 
-0.0215086040 -0.1370811195 -0.0645980123 -0.0070315311 
0.0285855818 -0.0518642072 -0.0748062043 0.1164309955 
0.0264339255 0.2603944012 0.1109375172 0.0158006246 
-0.1122198432 0.0059815560 -0.0154708754 -0.1336674627 
-0.0812331066 0.0844315024 -0.0616378010 -0.1025620666 
-0.0404661866 0.0156424248 -0.1178887675 -0.1008408919 
0.1353894785 -0.0588546721 0.2632483406 0.1843638837 
0.0706805984 -0.1448033380 0.1004961819 0.0356499134 
-0.0582448649 -0.3211500088 -0.1477206668 -0.0258071176 
-0.0774190995 -0.1161548581 -0.0537457685 -0.0913624043 
0.0022841924 -0.0017993178 -0.0404699536 0.0148923063 
0.0040820435 0.2641037489 -0.0044991964 0.0185407331 
0.0868734883 0.3810959186 0.2263561528 0.1256293960 
0.1417330777 0.2795803141 0.1820441183 0.1502226085 
0.0615834873 0.1170255226 0.0564928606 0.0566646774 
0.0642759684 0.1007707733 -0.0960754234 0.0937012321 
0.0603473189 0.3856085932 0.0092929367 0.0711048418 
0.0979072926 -0.0387250493 0.0493450342 0.1004926139 
-0.0005264712 -0.1288857222 -0.0465771188 0.0299042879 
0.0796115919 -0.1422337202 -0.0121093982 0.1361478760 
0.1059030830 -0.0573013187 0.1808028286 0.0785994393 
0.0057533059 -0.1842158263 -0.1256095006 0.0119296325 
0.1381183492 0.0162435173 0.1494018468 0.1707294077 
0.2445537480 0.1724407612 0.3100288778 0.2527182303 
0.1125728135 -0.0490680993 0.2825151259 0.0650944172 
0.0867724710 0.1816793844 0.1829241224 0.0412379340 
0.0342967345 0.1475568042 0.1321904282 -0.0017626134 
0.0445751650 -0.0435763170 0.1108445647 0.0205035796 
0.0770302916 -0.0588202143 0.1700165663 0.0868847653 
-0.1077579140 -0.2537900614 -0.0806721370 -0.1308713387 
0.0455220884 0.0404228929 0.1122030025 0.0420180092 
-0.0964473736 -0.1751659393 -0.1211796935 -0.1111577798 
-0.1115512161 -0.2391731677 -0.0775999001 -0.0701727709 
-0.1061386687 -0.1971889437 -0.1023750700 -0.0791396382 
-0.1842480219 -0.2369353639 -0.3043979961 -0.1727831634 
-0.0064114081 -0.3524193977 -0.1753266867 0.0271499110 
0.1227154677 -0.1621414701 0.0285130429 0.1880117578 
-0.0208025379 -0.0539713888 0.1030811231 -0.0339742282 
0.0879660861 0.2083278683 0.3632613507 0.0308197900 
-0.0304401571 -0.0110602183 0.0504745755 -0.0616361694 
-0.0947070587 -0.0231744828 -0.1177295327 -0.1092777373 
-0.1483363616 -0.1800396327 -0.1733975670 -0.1263534756 
-0.1635322924 -0.2568926690 -0.2136707906 -0.2066246600 
-0.0513597431 -0.0242566060 -0.0359318946 -0.1552684227 
0.0438874631 -0.1182683787 0.0716524928 0.0577807912 
-0.1040199973 0.0477727088 0.0587833705 -0.1491208784 
-0.0560872106 -0.1669142676 0.0118994961 -0.1134744656 
0.0439154462 -0.2532179933 -0.0975557812 0.0521922016 
-0.0206966950 -0.0389191465 -0.2119893252 -0.0422625354 
-0.0036471479 0.0992636115 -0.0688619432 0.0101049195 
-0.0261892935 0.1064990274 -0.1307317231 -0.0414376014 
0.0863717291 0.0479676346 0.0346250009 0.0969279148 
0.0430266898 -0.0706955351 -0.0356148965 0.0716970135 
-0.1016284121 0.1662126937 -0.1483601565 -0.1120149436 
-0.0668432242 -0.2152980113 -0.1501994860 -0.0361305462 
-0.0090401484 0.0765716887 -0.0151152236 -0.0030467388 
-0.0382956161 -0.2009624619 -0.1497396566 0.0327127343 
0.0667513102 -0.0723878446 0.0605205547 0.0720686219 
-0.0071678928 -0.1320005500 -0.0200963479 -0.0290665162 
-0.0643019967 -0.0961793877 0.0172834901 -0.1099817928 
-0.0127205307 -0.0466692787 0.1828697952 0.0005959904 
-0.0628978074 -0.0508560510 0.1062636969 -0.0764088305 
-0.1202350245 -0.1772610714 -0.0328707530 -0.1327833965 
-0.0151046101 -0.0671496436 0.0469949163 0.0221404015 
-0.0451587985 -0.2508475564 0.0349896004 -0.0494651574 
-0.0715621782 -0.1800234490 0.0128560600 -0.1201230903 
0.1494275262 -0.1874380630 -0.1085209291 0.0918771002 
-0.0089049763 -0.0969102243 -0.0110557665 0.0051228547 
-0.0050653207 0.0661759925 -0.0320864198 -0.0234866486 
-0.0716434657 0.0071979327 -0.1151531743 -0.0937313855 
-0.0318078453 -0.0216485291 -0.1035596381 -0.0834230889 
-0.0014126411 0.0967445276 0.0261101748 -0.0612363399 
-0.0389930054 -0.0442892006 0.1029927911 -0.0011551067 
-0.0185514143 -0.0073822396 -0.0438631647 0.0288774391 
-0.1426088390 0.1518668268 -0.2317130510 -0.1523067807 
-0.1498485508 0.1171099388 -0.0759896448 -0.1877557956 
-0.1452569025 0.0432057783 -0.1096323582 -0.1032656341 
0.1047531637 -0.0385102516 0.2303346586 0.1453897134 
0.0947891735 -0.0394726713 0.2396341445 0.1934763479 
0.0687361566 0.1997440802 0.0319913287 0.1691907725 
0.0857484909 -0.0178911222 0.0269693624 0.2484254858 
0.0713505899 0.0629748268 0.0602431749 0.0728596850 
-0.0226008297 0.2181689728 -0.0060764633 -0.0729929783 
0.0890282112 0.2825887949 -0.0092432122 0.0534959956 
0.1171304480 0.2095167217 0.1165035382 0.0846409727 
0.1248172169 0.1096311588 0.2637433552 0.0997285817 
0.0225666327 -0.2354945119 -0.0721762849 0.0987959280 
-0.0013529932 -0.1280735796 0.0101872941 0.0114270716 
-0.1029450462 -0.2503944407 -0.1240434668 -0.1683834641 
-0.0697602852 -0.1046763288 -0.2100968465 -0.0611188995 
-0.0655668421 -0.0047711296 -0.0059309589 -0.0571917010 
-0.0498951080 -0.0297309118 0.0048399261 -0.0838515206 
0.0329602991 0.1271383146 0.0233339391 0.0407782624 
-0.0173280905 -0.0389176135 -0.0514633205 0.0351873485 
-0.0025853214 -0.0049848518 0.0890591895 0.0482522764 
0.0287373944 -0.0080666696 0.2052182616 0.0285446342 
0.0523290941 0.0488329092 0.1816145452 0.0853522862 
-0.0054158043 0.0576379849 0.0199604163 0.0295577533 
-0.0749196528 -0.0199814387 -0.0264856163 -0.0392527735 
-0.0873981718 -0.1296542629 -0.1726100762 -0.0267338137 
-0.0778424299 -0.0505990053 -0.1741027492 -0.0165584788 
-0.0252235511 0.0648401612 0.0196440687 0.0508602143 
0.0529373599 0.0734773924 -0.0444604271 0.1550729983 
-0.0294408931 0.1361951093 -0.1883425342 -0.0209058860 
-0.0032766254 0.0568890682 -0.1758767974 -0.0627625284 
-0.0615693873 -0.0435779083 -0.1848356236 -0.0667294941 
0.0607483455 -0.1711002355 0.0732590771 0.0157482769 
-0.0782095207 -0.0896962811 -0.0748090672 -0.0675161152 
0.0489709396 0.0703553440 0.3031602361 0.0814814056 
0.0886254379 0.0179157810 0.4735259305 0.1147901435 
0.2406871981 -0.0266432785 0.4764324577 0.2330411165 
0.1939531918 0.0958392095 0.5009688733 0.2412432874 
0.2428870003 -0.0425553149 0.2936068478 0.3391880568 
0.0932307602 -0.1297396391 0.2248694636 0.1797770603 
0.1011255038 -0.2627184048 0.1230558034 0.1602124907 
0.0752418208 -0.2894437006 0.0322222237 0.0791909895 
0.1464034480 -0.0621979565 -0.0062161082 0.2434351680 
0.1150370164 0.0505200561 -0.0751286067 0.1870932691 
0.1051830960 -0.1213230480 -0.0160474590 0.1137790189 
0.0814286229 -0.1013663473 0.1240580232 0.0841541757 
-0.0895784117 -0.2671762342 -0.0217348912 -0.1144576604 
-0.0554232854 -0.1154826439 0.0860639153 -0.1082547003 
-0.0408740060 -0.1649834336 0.1206222668 -0.0942359996 
-0.0327984263 -0.1772337398 0.1267816918 0.0548601720 
0.3339262538 0.0964824483 0.7354189291 0.2269365902 
0.2201509877 0.2262049053 0.3630116629 0.2834545664 
0.0235733040 0.1020393363 0.2301995923 0.0296824446 
-0.0130749635 0.2541829825 -0.1098779896 -0.1009476378 
-0.0024112072 0.1254708701 -0.2934653864 0.0640952510 
0.0113098780 0.2941852784 -0.2467943876 0.0567139814 
0.1471339225 0.0657753216 0.1095125898 0.2041996729 
0.0954855786 0.1244733619 0.2138528643 0.0887774996 
0.0006819963 0.0861584244 0.0518132199 0.0558527866 
0.0113292812 0.1872009282 0.0219898873 0.0477553022 
-0.0683403893 0.1424511711 -0.0099168368 -0.0275959309 
-0.0729251525 0.0391596366 -0.0885896353 -0.0658732747 
-0.0785893344 -0.0365937615 -0.1240138241 -0.0555635315 
-0.0804728443 -0.0153214676 -0.0664234444 -0.1366135011 
-0.0527706010 -0.0091861215 -0.1024344529 0.0050269453 
0.0010918678 0.0392562560 -0.0055889037 0.0887021455 
0.0260967712 0.1649616311 0.1144319800 -0.0253306984 
0.0213031782 0.2415444914 -0.0372134601 0.0997978936 
0.0709799622 0.0496878358 0.0431482962 0.1348335524 
-0.0022930318 0.0291905410 0.0847260326 0.0153328609 
0.0404539119 -0.1460041723 0.1120098507 0.1178728221 
0.1565677393 -0.0101495446 0.1295449339 0.1634020632 
0.0296551274 0.0696076283 0.2305824604 0.1134013278 
0.0490136705 -0.0717439716 0.3264293708 0.0422430983 
-0.0022467574 -0.0536144502 -0.1288195111 0.0494861924 
-0.0542770479 -0.1444575246 -0.1007373621 -0.0154478335 
-0.0263895868 -0.1257286301 -0.0721338485 -0.0245454508 
0.0348511194 -0.2291861352 -0.1460756303 0.0338759696 
0.0021440210 -0.2496810877 -0.0896229423 0.0380232622 
0.0274828041 -0.0040407548 -0.0348495425 0.0341549398 
-0.1242562860 -0.2005146519 -0.2336282761 -0.1024412500 
-0.1653418895 -0.2349780259 -0.2009163735 -0.2043225127 
-0.2261917034 -0.1157567290 -0.2522412145 -0.2374342260 
-0.1220033213 -0.1475142633 -0.2200380211 -0.0361997827 
-0.0045145029 -0.1491451052 -0.2466837839 -0.0444820380 
-0.0243239956 0.1086279335 -0.0051790744 0.0251874009 
-0.0515659455 0.0701678487 0.0110459729 -0.0421773230 
-0.0647619717 0.1703149485 -0.0753575241 0.0062350261 
-0.0948239041 0.0454432868 -0.0126179413 -0.0497627133 
-0.1226617211 0.0198077210 0.0022084835 -0.1649439689 
-0.0392680511 -0.0015369379 0.0714035955 -0.0651191343 
-0.0465598516 0.0240144560 0.0745595300 -0.0481263083 
0.0175801587 0.1395935812 0.1224920802 -0.0061869742 
-0.0400854749 -0.0557288440 0.0001430955 -0.0325687453 
-0.0712791285 0.0155652689 -0.0711713377 -0.0914898846 
-0.0222428083 -0.2052207592 0.0274696696 -0.0502458890 
0.0638844279 -0.0663168076 0.0923647753 0.1176324560 
0.0521281677 -0.1407005466 0.0827381762 0.1173927963 
0.0140748830 -0.0627627610 0.1570285650 0.0569806623 
0.0380955942 0.0967683000 0.1418036514 0.0427263767 
-0.0089534709 -0.0714718417 0.1421082777 0.0211785307 
0.0612090078 -0.1831873156 0.0963053197 0.0711016942 
-0.0575105651 -0.2896439666 -0.1367093494 -0.0140530620 
-0.0742176856 -0.3147130989 -0.0008825963 -0.0454850226 
0.0055030017 0.0172852469 0.1629216857 -0.0509817648 
0.0249221419 -0.0066762511 0.0177295726 0.0654878360 
-0.0422283221 -0.1628748556 -0.0973489842 -0.0401731018 
0.0449356863 -0.1185511315 -0.0199467319 0.1344172822 
-0.1286950714 -0.2201802020 -0.1615171104 -0.1293482618 
-0.0756436575 -0.0716802022 -0.0932603723 -0.0935533776 
-0.1307406791 -0.0816506146 -0.2006899357 -0.1407588444 
-0.0147853363 0.2137595032 -0.0249581768 -0.0754185084 
0.0101872085 -0.0601581760 -0.0012260935 0.0146551994 
-0.0146964935 0.0569300737 -0.1009266076 -0.0349735085 
-0.0398252903 0.0639259027 -0.0905898384 -0.0637980100 
-0.0475867011 -0.0600366975 0.0863965839 -0.0816734903 
-0.0215688878 0.0195678340 0.0679106436 0.0221968438 
-0.0669774996 0.0977544631 0.0656392685 -0.1574330535 
0.0395662257 0.1071676012 0.1407427086 0.0107680283 
-0.1057362550 0.0447181516 -0.2343875744 -0.0662579021 
-0.0382181158 -0.1713943975 -0.1015129747 -0.0400299823 
0.0625421048 -0.0343511466 0.0436839404 0.1034557153 
-0.0203693320 -0.1715740229 0.1683365193 -0.0304716426 
0.0561137816 -0.2333113296 0.0949599543 0.0640587029 
-0.0051396380 -0.0468233377 0.1325427908 -0.0520613690 
-0.0198471968 -0.2796909466 0.0508432778 0.0116014159 
-0.0182644191 -0.0866208726 0.0066324490 -0.0114177415 
-0.0431068050 -0.0796212690 -0.1033680473 0.0474356806 
0.0657588169 0.0186466430 0.0986004771 0.1222486587 
0.0188328367 0.0957465563 0.1769369601 -0.0074762751 
0.0808327836 0.0039305114 0.1442541241 0.0610784415 
0.0139037795 -0.0692610038 0.0675461130 0.1185292527 
-0.0143956186 0.1967062523 0.0276262835 -0.0293152802 
-0.0251632051 -0.0822417682 0.0787119292 -0.0172694013 
-0.0058389596 -0.1749041200 0.0713234408 -0.0005185408 
0.0250393013 0.0915941206 0.0126278468 0.0575102568 
-0.0656186123 0.0193355438 0.0259014401 -0.1015924360 
0.0429614789 0.1015289520 0.1313363747 0.0415073706 
0.0406621967 -0.0894198088 0.1134840477 0.1151414799 
0.0275325986 -0.1055819867 0.0767006446 -0.0271219513 
0.0581203216 -0.0775729143 0.1278302880 0.0143342735 
0.0571137642 -0.0061234709 0.0850377146 0.0827933451 
0.0920854917 -0.0410569753 0.2155353049 0.0896766338 
-0.0097282228 -0.1421449974 0.1652550573 -0.0420853969 
-0.0633003488 0.0536896525 -0.0820417901 -0.0515722223 
-0.0306774246 0.2071865219 0.0177632345 -0.0233174506 
0.0517413809 0.0792783167 0.1070581913 0.0563199134 
0.0692243807 -0.0896782541 0.1457872742 0.1332041026 
-0.1363791393 -0.0817446987 -0.1319234266 -0.1386151328 
0.0019098279 0.0983936242 -0.0718254128 -0.0105202104 
-0.0114554925 0.1630438282 0.0266405335 -0.0514774581 
-0.1331088633 -0.0921667477 -0.2949597137 -0.0827473627 
-0.0797768602 -0.1190721595 -0.1455401403 -0.0855206384 
0.0076981416 -0.0695060733 -0.0294255134 0.0872883244 
0.0390627511 0.0329402012 -0.0098320678 0.1260724292 
0.0039907934 -0.2259447154 0.0420710334 0.0022231686 
-0.0060918158 -0.0910742715 -0.0141889784 0.0007020810 
-0.0266322176 -0.2814877567 -0.0504254194 -0.0088573373 
-0.0111567062 0.1750867036 0.0297701243 -0.0369925439 
0.0141995776 0.1276349849 -0.0263890733 0.0195766059 
0.0784491419 0.1320520378 0.1377078130 0.1063516423 
0.0435655082 -0.1645515574 0.1259860532 0.0360118130 
0.0214647302 0.0874496229 0.1157259394 -0.0081051638 
-0.0312519759 -0.0417571014 0.0431909634 -0.0272473911 
-0.1195130924 -0.1987085926 -0.1605311044 -0.0932666037 
0.0079589923 -0.0144732214 -0.0136863785 0.0076122321 
-0.0180318835 0.0063303671 -0.1165991638 -0.0546173512 
-0.1112278306 0.1404688743 -0.0858475419 -0.1241396963 
-0.0558716326 0.0793631481 -0.0343448618 -0.1130309690 
-0.0341753137 0.0965424424 0.0768399957 -0.0451202717 
-0.0067552533 0.0941725153 -0.0204193721 0.0424932549 
0.0217915042 0.1377817944 0.0664968647 -0.0243891958 
-0.0126788025 0.0075750424 -0.0719480013 -0.0271559422 
-0.0565221310 0.1226220003 -0.0670183006 -0.0647493580 
0.0098008701 0.0409557868 0.0179763776 -0.0162540405 
0.0334969728 0.1745221854 -0.0708192273 0.0471702098 
-0.0534946827 -0.0544752273 -0.0588404422 -0.0918841747 
-0.0885126830 -0.0792883011 0.0301205472 -0.0867674690 
-0.0165315772 -0.1657673571 -0.0324998528 0.0412348621 
0.0492069115 0.0060512025 0.0061654120 0.0845268007 
0.0121072576 0.1775914106 -0.0905180498 0.0269457885 
-0.0748539661 -0.1805437918 -0.1283507069 -0.0437609894 
0.0760276242 -0.1228351036 0.2292781423 0.0985044508 
0.0845195143 -0.0811746235 0.1576750116 0.0224404869 
0.1460967438 0.0349232121 0.0375624189 0.1023348030 
0.1513301747 -0.0435003912 0.1472740515 0.1686892631 
0.0253423089 -0.2610743535 0.0872867089 -0.0152182350 
-0.1078267381 -0.0494273317 -0.1829602543 -0.0838320196 
-0.0617991171 -0.2097306876 -0.1389261056 0.0220301014 
-0.0047970661 -0.1926497466 -0.0286920571 0.0079136878 
0.0337552081 -0.0386470589 0.0370613858 0.0906776867 
-0.0785441810 -0.1011486894 -0.0030665406 -0.1126130628 
0.0032078640 -0.1034079816 0.0157335699 0.0656276848 
0.0865017373 -0.0194273084 0.1347956359 0.0744286023 
0.0070851409 -0.1164551449 -0.0465090659 0.0477311570 
0.0019294854 0.1394554007 0.0821826267 -0.0176095908 
0.0306741117 0.2034428474 0.0011831193 0.0147849963 
0.0611230336 -0.0538539316 0.0762222963 0.0826537151 
0.0168875203 0.0612186885 0.0154769162 0.0187750465 
0.1072111637 0.1327624744 0.0331973059 0.1167906519 
0.0097631534 -0.0253504976 -0.0575579192 0.0226822373 
0.0013101514 -0.1376554887 -0.0962851478 0.0161812139 
-0.0668098579 -0.0088784209 -0.0524931353 -0.1091000258 
-0.0485125149 -0.1365338518 -0.0765914376 0.0053812732 
-0.0307399138 0.1208900835 0.0027538329 -0.0221452545 
-0.0112373746 -0.2155804083 0.0998328751 -0.0312782070 
-0.0814279960 0.0891640871 -0.0163507191 -0.1201257523 
-0.0861663095 -0.1440671009 -0.1157159846 -0.0241930715 
-0.0689896820 -0.0173829812 0.0140614523 -0.0895560587 
-0.0971842164 -0.1200742084 -0.1838903322 -0.0154236830 
-0.0235072000 -0.0152350168 -0.1927390674 0.0171380258 
0.0602849058 0.0332981887 0.0817555959 0.0430045005 
-0.0229953745 0.0720981458 0.0014223880 -0.0063838066 
0.0331611185 0.0178467030 0.0201555138 0.0149319028 
-0.0829054483 -0.1442017206 -0.1045142570 -0.0340724776 
-0.1006844299 0.2380505812 -0.0165080474 -0.1125978904 
-0.0142359686 -0.1128775309 -0.0742877624 -0.0071354173 
-0.1022504348 -0.0971069920 -0.0839600900 -0.0451916342 
0.0667222924 0.0857009457 -0.0453820600 0.1305528489 
0.0402454903 -0.1034311573 0.0077692989 0.0702843275 
-0.0920203635 -0.0283670658 -0.0059090071 -0.1048253792 
-0.1085703898 -0.1524096163 -0.1654617468 -0.0905659306 
-0.0649870421 0.2343568029 -0.1444220283 -0.0839504876 
-0.1599026390 -0.0729456729 -0.1161959255 -0.1762794564 
-0.0898139238 0.0146230995 -0.1133693135 -0.0464415526 
