0.0610713742 -0.0242380944 -0.0075326079 0.0853314920 
0.0136219151 -0.1264332587 0.0045466829 0.0275619876 
-0.0296186832 -0.0945790443 -0.0333183884 -0.0232803934 
-0.0559320806 -0.1397480133 -0.0637861843 -0.0469838936 
-0.1053368815 -0.1346106959 -0.0743574136 -0.1106422640 
-0.0768206093 -0.1524505533 -0.0776418315 -0.0703128084 
-0.1138601088 -0.1036492597 -0.0803564292 -0.1230869328 
-0.0373899683 -0.2274180624 -0.0019037151 -0.0304258571 
-0.0955242022 -0.0905632371 -0.1004533218 -0.0947053361 
-0.1281809347 -0.1052738929 -0.0578376632 -0.1476756728 
-0.0779228694 -0.0435863040 -0.0757518478 -0.0813270052 
-0.0556537174 -0.0902028329 -0.0915357779 -0.0438041094 
-0.0097341623 -0.0493863142 -0.0090026103 -0.0066127042 
0.0347905988 0.1141662813 0.0940876340 0.0133516998 
0.0056803279 0.1043806220 0.0905006914 -0.0237497875 
0.1009423821 0.2000442423 -0.0382670253 0.1274862456 
0.0948889655 -0.0999549556 -0.0808256775 0.1550546196 
-0.0295768221 -0.0356855263 -0.0318154687 -0.0285081017 
-0.0265385235 -0.1594415521 -0.0835587039 -0.0012082260 
-0.0737666632 -0.1506206516 -0.0580525363 -0.0712906959 
-0.0340828645 0.0825305793 -0.0629196347 -0.0365914589 
-0.0356060739 -0.1039119324 -0.1458154389 -0.0023615778 
-0.0496709274 -0.0771745763 -0.1299680014 -0.0273046882 
-0.0625154147 0.1079931965 -0.0714005189 -0.0745031895 
-0.0054615322 0.0048458220 0.0006667802 -0.0078525565 
-0.0125183700 -0.0432751966 0.0779539792 -0.0325733884 
0.0064401315 0.0561088188 0.0129587149 0.0006714284 
-0.0073795980 0.1487346577 0.0286199444 -0.0293890049 
0.0074061013 0.0860422742 0.0112436768 -0.0001063069 
0.0314007966 0.0002434769 0.0214087156 0.0364952601 
0.0375784768 -0.1528350200 0.0515504287 0.0499532803 
0.0149699463 0.0021394573 0.0134893082 0.0164093133 
0.0334460272 0.0025915652 -0.0130371152 0.0476380180 
-0.0516463100 -0.0655025614 -0.0169728160 -0.0591599959 
0.0048424736 -0.1283017952 -0.0818386254 0.0376081041 
0.0260500130 -0.1883696686 -0.0682139382 0.0674843076 
0.1120679911 0.0833592159 0.0088735238 0.1402590059 
0.0702130917 0.0491914915 0.1502146641 0.0519644987 
0.0518587526 0.1689000073 0.1239588399 0.0240802928 
0.0038220753 0.1175454616 0.2660611197 -0.0712146347 
0.2084123404 -0.0266668702 0.1553301784 0.2412728152 
0.1014791225 -0.1528737335 0.3575028086 0.0586692723 
0.0388213011 -0.1030105801 0.1244110158 0.0292431958 
-0.0133959538 0.0348242487 0.0279505577 -0.0277509319 
0.0389277228 -0.1509025049 0.1050254951 0.0382224654 
0.0600949408 0.0207207384 0.0537045725 0.0649737164 
0.0321303865 0.1868491836 -0.0983698999 0.0518622250 
0.0464518967 -0.0261888296 -0.0365890798 0.0732655347 
-0.0326711166 -0.1044857177 -0.0990380476 -0.0100948337 
-0.0159631023 -0.0069520172 -0.1012962990 0.0046192732 
-0.0030277589 -0.0248207911 -0.0202514334 0.0030942457 
-0.0556542469 -0.0026021774 -0.0760796179 -0.0549689100 
-0.0123357667 -0.0390214335 -0.1052759688 0.0131230895 
-0.0038475374 0.0784621591 -0.0971876433 0.0126283477 
-0.0583170980 -0.2211599811 -0.1546211528 -0.0206708440 
-0.1062805202 -0.0974251340 -0.2104221314 -0.0809830662 
-0.0553107328 -0.2562599330 -0.2105384857 0.0002419721 
0.0102257773 -0.1778398219 0.1107937038 0.0007559290 
0.0914963525 -0.1724589202 0.0810189339 0.1161119798 
0.0321005434 -0.1707798522 0.1266628329 0.0253666707 
-0.0235858603 -0.1173667042 -0.0205694777 -0.0165248857 
0.0633759591 -0.0510341085 0.3017635395 0.0133132363 
0.0910499441 0.1939210150 0.2322764317 0.0471707329 
0.1285758200 0.0982954435 0.2072325120 0.1114350116 
0.1350350671 -0.0083352290 0.2773504045 0.1114037574 
0.2129461391 0.0352160470 0.3440420945 0.1949829912 
0.2551104878 0.1039344238 0.4810105586 0.2112334755 
0.1922735018 0.0770634032 0.3571378211 0.1606582635 
0.1153830980 -0.0998422115 0.2201173900 0.1071349674 
0.0847329340 -0.1013319988 0.1193412937 0.0915862552 
-0.0076531094 -0.1714796643 0.0192600957 -0.0007291978 
0.0194289918 -0.1630792293 0.0335212630 0.0311149424 
0.0365909811 -0.0346373228 -0.0010929745 0.0519476620 
0.1043277298 0.1516359437 0.1866237129 0.0798113828 
0.0403051226 0.0281345928 0.0448151772 0.0401918198 
0.0308458538 -0.0849927764 -0.0309951614 0.0559593268 
-0.0185024272 -0.0074000798 -0.0843890445 -0.0029559685 
-0.0275829972 -0.0566048290 0.0286147494 -0.0392139478 
-0.0140115602 0.1500133098 -0.0861467770 -0.0096464951 
-0.0018922950 0.0382730566 -0.0435663365 0.0051791027 
0.0161083259 0.0571088266 -0.1665079724 0.0583456921 
0.0172607162 0.0359444459 -0.1467956495 0.0567178302 
0.0118556655 -0.0478943104 -0.0990104109 0.0445513492 
-0.0249034596 0.0750202412 -0.1596793763 0.0004635446 
-0.0435626963 0.1393169918 -0.1056504856 -0.0432807230 
-0.0400816586 -0.0738933720 -0.0597515517 -0.0323465426 
-0.1503987796 -0.2533192461 -0.2358032722 -0.1204709509 
0.0071000052 -0.0901588609 -0.0099402272 0.0194649688 
-0.0103955067 -0.1356330366 -0.0503987250 0.0100417587 
0.0504236226 -0.1321545749 0.0153577170 0.0744049488 
0.0509625788 -0.0901086838 -0.0358377519 0.0844186000 
0.0679496473 0.0550288027 0.1434554952 0.0501499224 
0.0586425871 0.2372942402 0.0848185764 0.0372109520 
0.0531234194 0.0696069996 0.1231793755 0.0342357987 
0.0820384277 0.1786336423 0.0380750400 0.0849796734 
0.0909774500 -0.0859051387 0.0766854428 0.1092906675 
0.0767162330 -0.0799099823 -0.0025394548 0.1095823396 
0.0518591162 -0.0353670197 0.1268052457 0.0403914284 
0.0839971755 0.1067557077 0.1389741322 0.0683563920 
-0.0189089375 0.0150976185 0.0050227677 -0.0277257435 
-0.0033916985 -0.0027737282 -0.1356827538 0.0296295678 
0.0493936734 -0.2090601570 -0.0447506805 0.0944675811 
-0.0038992454 -0.0819678840 -0.0202736267 0.0067000698 
-0.0371756186 -0.0999943558 -0.1018178144 -0.0157801749 
-0.0651252255 -0.1072512984 -0.0916920513 -0.0549730130 
-0.0839148210 0.0257412696 -0.1301089507 -0.0815042961 
-0.0193802463 -0.1729116276 -0.0609375801 0.0038033689 
-0.0678736428 -0.1069950915 -0.0759755357 -0.0625880488 
-0.0958368389 -0.0857460679 -0.0234627636 -0.1147712553 
-0.0776010274 -0.0482972304 -0.0910881004 -0.0766712422 
0.0000735389 -0.2071189198 -0.0652123548 0.0336610505 
-0.0535018095 0.0199420920 -0.0934791153 -0.0496278082 
0.1065138292 -0.0029899508 0.0759608219 0.1232773960 
-0.0146738156 0.0159841547 0.0703670391 -0.0384888602 
0.0256002539 -0.1471568018 0.0364588712 0.0372820209 
-0.0090968781 0.1222726361 0.0758492164 -0.0412808612 
-0.0515907947 0.1829086332 0.0015549972 -0.0844188617 
-0.0794370889 -0.0268623572 -0.0516177617 -0.0907731483 
-0.0366261916 0.0979346806 0.0604356593 -0.0721050603 
-0.0063740320 0.0029144178 0.0001629742 -0.0087823211 
0.0048996419 -0.0631334172 0.0734350878 -0.0065647980 
-0.0874926469 -0.0490359661 -0.0395754360 -0.1026766730 
-0.0822300554 -0.0483942748 -0.1571683602 -0.0663151276 
-0.0184273661 -0.0402082260 0.1221853701 -0.0517654785 
0.1578346125 0.0914470940 0.2328647474 0.1446093720 
0.0572600318 0.1843818327 0.1393145440 0.0261529203 
0.1317440405 0.0948188633 0.2595082059 0.1028800972 
0.1037722013 0.1380587798 0.1900276720 0.0793511188 
0.0826497619 0.1072328819 0.1154708121 0.0723959060 
-0.0144866307 -0.0818672655 -0.0769680239 0.0067487705 
0.0054435053 0.0188084765 -0.1164484282 0.0348027411 
-0.0203718809 -0.0575757357 -0.1149268646 0.0063671863 
0.0130100151 0.1119211416 0.0036470497 0.0071081626 
-0.0506293611 -0.0466649316 0.0188991832 -0.0683418663 
-0.0520043477 -0.2268294197 -0.0142776061 -0.0468672772 
0.0427889794 -0.2163566081 0.0312124311 0.0672785822 
0.0994947491 0.0182656959 0.2198539691 0.0761740319 
0.1048114419 0.0159131974 0.2675541261 0.0715339579 
0.0261244503 -0.1715152517 -0.0192245370 0.0539316723 
0.0088106407 -0.0811779033 -0.0526453300 0.0316736787 
0.1216967850 -0.0787017507 0.1276740254 0.1369023529 
0.0823907911 0.0766501197 0.0443482546 0.0923798146 
-0.0545509958 0.2496326969 -0.0008881904 -0.0933153382 
-0.0270332795 -0.0821263980 0.0015741854 -0.0295940525 
0.0386562934 -0.1424507080 -0.0192373357 0.0682219508 
0.0330923582 -0.0375059662 -0.0797988939 0.0671983649 
0.0898202966 -0.1060883404 0.0696546438 0.1111874296 
0.1970345100 -0.0003904225 0.1219169160 0.2322659863 
0.1546562490 0.0467638100 0.2140527442 0.1487981617 
0.0944780014 -0.0441783507 0.0873271499 0.1078204104 
-0.0123922549 0.2620839781 -0.0889943746 -0.0161147443 
0.0215177797 0.1225866458 -0.0626756947 0.0341437427 
-0.0243441643 0.2295925355 -0.0611256952 -0.0363101732 
0.0421409460 -0.0692399252 -0.0693716586 0.0793008364 
-0.0141431781 -0.0721679802 0.0747961071 -0.0315425992 
-0.0324923611 -0.0635060862 -0.0445651060 -0.0268896978 
-0.0395045322 0.0034855188 -0.1170226085 -0.0237075174 
-0.0082809223 0.1089078345 -0.0617235458 -0.0046859962 
-0.0098910170 -0.0726230178 -0.0125160246 -0.0040070984 
0.0093128216 0.0115284075 0.1000609315 -0.0135588381 
0.0324098626 0.0771785957 0.0667369861 0.0200973540 
0.0221545119 -0.0446932139 -0.0907234382 0.0559446433 
0.0393683350 0.1018455015 -0.1125268484 0.0721357003 
0.0392622073 0.1658994643 -0.0891908038 0.0608223553 
0.0474049836 0.2287103413 0.0594549900 0.0292837021 
0.1039189159 0.3586205795 0.2553925681 0.0448253642 
0.0883367529 0.0061242141 0.0787957134 0.0975730577 
0.1197178462 0.0643811325 0.0754228742 0.1354029821 
0.0101846871 -0.0831449962 -0.0908026248 0.0432089887 
0.0304758754 0.0484784305 -0.0525427036 0.0497303072 
0.0790208062 0.0555131320 0.0708422522 0.0830244176 
0.0426426675 0.1367452297 0.0570710446 0.0311936931 
0.0724239192 0.0155553795 0.0015903358 0.0948713600 
0.1084695093 -0.0316398720 0.0413496387 0.1369252587 
0.0093917889 -0.1169385893 -0.1869222147 0.0689978213 
0.0937429654 0.0721210196 -0.0075675731 0.1208724289 
-0.0310464726 -0.0129600015 -0.1598168986 -0.0003610720 
-0.0260813320 0.0950736151 -0.0564253789 -0.0285915659 
-0.0386877039 0.1632491169 -0.1510715441 -0.0274198122 
0.0216203942 -0.0020595206 -0.0153273292 0.0328306513 
0.0532935362 -0.0347010115 -0.0720512431 0.0919626100 
0.0578712764 -0.1012559311 0.1252112052 0.0542968948 
0.0966052112 -0.0231959486 0.1124032688 0.1026391267 
0.0502781623 -0.0595015788 -0.0531168152 0.0852752185 
0.0989222910 -0.0279571239 0.0209615042 0.1289857722 
0.1188057616 -0.0356313468 0.1410494294 0.1261146036 
0.0583478459 0.0411262152 0.0784258598 0.0547634784 
0.0891865590 0.1103545397 0.0775162674 0.0903401335 
0.0226479201 0.0666491532 0.0043644144 0.0235520272 
-0.0650442220 0.0191800440 -0.0739759874 -0.0698299694 
-0.0444180149 0.2418766924 -0.0354389403 -0.0705206759 
-0.0570330022 0.0217044102 0.0325370390 -0.0859869635 
-0.0110261176 -0.0289944912 -0.1490507875 0.0249774143 
0.0658825739 -0.0274228405 -0.0058204674 0.0915837854 
0.0011918363 -0.0444660173 0.1092667295 -0.0220220658 
-0.0213254747 -0.0360987041 0.0055613550 -0.0268160797 
-0.0093319222 0.1709914633 -0.0211280672 -0.0214098347 
-0.0460694700 -0.0953890928 -0.0660939789 -0.0369533743 
0.0096504640 -0.1002247907 0.0045564983 0.0200802266 
-0.0255385319 -0.1508690683 -0.0350944357 -0.0127053446 
0.0211500161 -0.1216889287 0.0290421981 0.0310802160 
0.0442441189 -0.1413256262 -0.0029584280 0.0715089010 
-0.0142766789 -0.1147518630 -0.0356263695 -0.0005663242 
-0.0197826177 -0.1363535040 0.0145312203 -0.0186468366 
-0.0120822450 -0.2071271165 0.0672572310 -0.0156633747 
-0.0026902872 -0.0307725077 0.1311735787 -0.0338160687 
0.0569233413 -0.0914805519 0.0996508031 0.0586084669 
-0.0217741852 0.0770498236 0.0334751175 -0.0438218449 
0.0593630310 -0.1301702640 -0.0094918211 0.0923711853 
0.0538430606 -0.0546755790 -0.0622323975 0.0919051451 
0.0198710720 -0.0873502200 0.0500790473 0.0212541858 
0.0134797791 -0.1834249943 0.1737630719 -0.0101823129 
0.0639826264 -0.0276547134 0.2038600709 0.0366497102 
0.0342232606 0.0145030053 -0.0525009685 0.0575476725 
-0.0101243126 -0.1030370450 -0.0381443306 0.0046234196 
-0.0812268107 -0.0828044516 -0.0610809242 -0.0861318123 
-0.0311019573 -0.0891318653 -0.0165049450 -0.0299153847 
-0.0593732730 -0.0722860686 -0.0176128246 -0.0687373188 
-0.0301190030 -0.0478220395 -0.0586254325 -0.0215171425 
-0.1176940109 -0.0863991610 -0.0801732254 -0.1296821114 
-0.0766946497 -0.1599293361 -0.1116867941 -0.0610103898 
-0.0747211936 -0.1295248069 -0.0845983506 -0.0676849366 
-0.1296550673 -0.0770567534 -0.0649506999 -0.1502143519 
-0.0121037679 -0.0570197909 -0.0187153949 -0.0067078592 
-0.0200956642 -0.1691107131 -0.1289307056 0.0195310169 
-0.0344937763 -0.0168169511 -0.0349697109 -0.0358478615 
0.1582757020 0.2603386415 0.0154454577 0.1854780181 
0.1481127189 0.0378332192 -0.0545799397 0.2079758419 
-0.0261710647 -0.0081591577 -0.0304547079 -0.0266011461 
-0.0299691283 -0.0513710803 -0.0306597220 -0.0280129839 
0.0551851927 0.1743713745 0.0596359855 0.0441403127 
0.0119652003 -0.1332602094 -0.0496146946 0.0394622915 
-0.0434623037 -0.1308685369 -0.0377847704 -0.0375978342 
-0.0181366668 0.0793213706 -0.0199458135 -0.0258058832 
-0.0109697678 -0.0943639482 -0.1244142245 0.0243408614 
-0.0214205421 -0.0278142603 -0.1140207607 0.0022623225 
-0.0254884042 0.1578830402 -0.0352238763 -0.0383354899 
0.0002992063 0.0310049711 -0.0640606425 0.0138303548 
-0.0116138974 0.0762395738 0.0665834276 -0.0384843512 
0.0187094858 0.1341719064 0.0205542701 0.0086264214 
0.0045581373 0.1855856029 0.0431185942 -0.0201675991 
0.0594810835 0.1139065810 0.0396554244 0.0599020401 
0.0851597561 0.0646980194 0.0922706031 0.0850871890 
0.0830270115 -0.1800910005 0.1480618549 0.0886948016 
0.0274571088 0.0106706168 0.0368446504 0.0265090977 
0.0560190909 0.0453042599 0.0052632660 0.0696009497 
0.0053007885 -0.0568774719 0.0474632775 -0.0000583120 
0.0452637365 -0.0268582653 -0.0682124175 0.0796429418 
0.0367959196 -0.1436530409 -0.0078245342 0.0629884464 
0.1656979809 0.0633985889 0.0502939478 0.2030739386 
0.0778501906 -0.0553918329 0.1296696594 0.0759988253 
0.0865330303 0.0833420123 0.2218673024 0.0529653805 
0.2033159838 0.0071831929 0.2467511064 0.2088016024 
0.1098750538 -0.1843153507 0.2976703704 0.0874420916 
0.0313876551 -0.1159111569 0.1556750298 0.0125907124 
0.0052848133 0.1989222133 0.0829599943 -0.0302704319 
0.0638781646 -0.0684310070 0.1422574366 0.0553091109 
0.0600617918 0.1609993374 0.1339122350 0.0331877189 
0.0585266466 0.2548940259 -0.0606702216 0.0719619153 
0.0891864510 0.0782431664 -0.0088619281 0.1146104862 
-0.0090287867 0.0099528241 -0.1046885840 0.0133043617 
0.0260950670 0.0365792571 -0.0523364722 0.0448292693 
0.0511717296 0.0138531218 0.0357327703 0.0581413535 
-0.0277590010 0.1216820654 -0.0043784247 -0.0460575673 
0.0215967684 0.0015999468 -0.0607126157 0.0438405162 
0.0209341211 0.0569387983 -0.0471507076 0.0349549385 
-0.0181252640 -0.1786723844 -0.1025167026 0.0163515223 
-0.0885657368 -0.0839480854 -0.1741505337 -0.0675543419 
-0.0079733259 -0.1561147935 -0.1386619095 0.0370439423 
0.0526826759 -0.0832988488 0.1456031056 0.0407843622 
0.1355121337 -0.0620627907 0.1829928668 0.1401065275 
0.0998306134 -0.1290528599 0.1314514477 0.1109990276 
0.0284159107 -0.0316478389 0.0332261225 0.0322186702 
0.1253569696 0.0447030485 0.3933077952 0.0650904233 
0.1751702077 0.3553205721 0.2794017126 0.1340998011 
0.1471694092 0.0961860460 0.2775210884 0.1188301031 
0.1930261224 0.0144284748 0.3537623326 0.1677252072 
0.2791951833 0.1065845168 0.4220387636 0.2578685104 
0.2756478413 0.0398632214 0.4174253027 0.2598521943 
0.3299676973 0.1340371339 0.5736193098 0.2853823411 
0.2701138418 0.1515834734 0.5146484453 0.2188577217 
0.1964804208 -0.0883088734 0.3319111297 0.1863551848 
0.1585376618 -0.0298458828 0.2506215776 0.1512153116 
0.0952598354 -0.1251676003 0.1568480178 0.0982317427 
0.0731317335 -0.1248656557 0.1286756945 0.0757455257 
0.0854681620 0.0271421568 0.0821820626 0.0911501873 
0.1851319316 0.1840445762 0.2514556929 0.1686416042 
0.1288469093 0.0058865940 0.1274200318 0.1394503216 
0.1060699138 -0.0537271523 0.0293154236 0.1385749585 
0.0498844928 -0.0066342269 -0.0344073201 0.0756673393 
0.0275587860 -0.0093533723 0.0324524446 0.0294113845 
0.0162035171 0.1479956321 -0.0615861144 0.0246682487 
0.0105480838 0.0332886851 -0.0073081277 0.0131170865 
0.0276978799 0.0514222330 -0.1210732206 0.0629136256 
0.0683739776 0.0325377512 -0.1297366188 0.1208879789 
0.0873882412 -0.0291841480 -0.0595698432 0.1338421280 
0.0247140018 0.0865423309 -0.1042658430 0.0518066023 
-0.0062609877 0.1594652167 -0.0745775260 -0.0029923701 
0.0134344512 -0.0999049158 -0.0107760118 0.0289320141 
-0.1080872013 -0.2123099377 -0.2338564864 -0.0679596520 
0.0369945554 -0.0355881226 0.0072133474 0.0504884139 
-0.0058808399 -0.0483718493 -0.0250526152 0.0024530214 
0.0907065746 -0.0648291468 0.0264372541 0.1197352149 
0.0912182718 -0.0291036901 -0.0274742590 0.1309182347 
0.0936306761 0.0736152891 0.2490268825 0.0564495735 
0.0797917481 0.2025272073 0.0920901721 0.0664891872 
0.1018231551 0.1729550426 0.1490424019 0.0840906861 
0.0999216960 -0.0515568187 0.0764795877 0.1184054326 
0.0904509268 -0.0350432352 0.0177178043 0.1190920543 
0.0789417331 0.0836929788 0.1518197656 0.0603262879 
0.1297163492 0.1719215475 0.1789938414 0.1138798762 
0.0191380803 0.1047873545 0.0266859491 0.0101136736 
0.0145881133 -0.0015416378 -0.0980889507 0.0441015252 
0.0765226003 -0.1704102319 -0.0063802916 0.1178260593 
0.0215907372 0.0191249961 -0.0096568800 0.0296081200 
-0.0388046294 -0.0373936513 -0.0839422700 -0.0276378008 
-0.0711412772 -0.0108042901 -0.0463678538 -0.0823627153 
-0.0392079451 0.0319915482 -0.0323606200 -0.0468530675 
-0.0670534959 0.0766504164 0.0000475197 -0.0958040759 
-0.0568391431 0.0301276319 -0.0742468107 -0.0597344575 
0.0044676274 -0.1849790705 -0.0530825475 0.0346423959 
-0.0422274222 0.0171241267 -0.0865451737 -0.0360939467 
0.0750799383 0.0954118945 0.0187917000 0.0874576681 
0.0823917786 -0.0041603777 0.0331684708 0.1019102853 
0.0015687928 -0.1371425500 -0.1160558833 0.0425342404 
-0.0733658850 -0.1450980031 -0.0853037005 -0.0644037546 
-0.1046264772 -0.0864951652 -0.0775995353 -0.1128941554 
-0.0672397195 -0.1152803784 -0.1273793438 -0.0482014251 
-0.1042257033 -0.0309305904 -0.0655631965 -0.1199992561 
-0.0731346798 -0.1859286759 -0.1491745682 -0.0447252080 
-0.0890435118 -0.1165779514 -0.1220572352 -0.0784955444 
-0.1551318543 -0.1002823865 -0.0938987795 -0.1750109119 
-0.0888417195 -0.0170910954 -0.0699476818 -0.0995444476 
-0.0747062829 -0.1383431986 -0.1945910124 -0.0394320243 
-0.0744119053 -0.0041466240 -0.0593045231 -0.0840441909 
-0.0080833237 -0.0078871609 -0.0286900970 -0.0029479772 
-0.0307155516 0.0979930297 0.0102884867 -0.0516922763 
0.0672739759 0.2782449212 -0.0509954497 0.0792604202 
0.1394509812 0.0595514002 -0.0435748131 0.1918657282 
-0.0295585263 0.0406257535 0.0056468085 -0.0442085499 
-0.0362626381 0.0201487616 -0.0011232471 -0.0497484359 
0.0548727026 0.1411717617 0.0127824434 0.0582036792 
0.0573422477 0.0496656140 -0.0325895507 0.0804649168 
-0.0088273741 -0.0922503152 -0.0641939388 0.0119661788 
-0.0537540896 -0.1196845424 -0.0673575089 -0.0448590304 
-0.0167841722 0.1875872410 -0.0758708353 -0.0190434576 
-0.0219316531 -0.0092171626 -0.1144076652 0.0001278090 
-0.0333654812 0.0499346549 -0.1481127258 -0.0116203481 
-0.0326091000 0.2018616661 -0.0577575406 -0.0458612204 
0.0082557499 -0.0010753751 -0.0255151025 0.0174760568 
-0.0323245787 0.0263167943 0.0732547152 -0.0636061832 
0.0170370503 0.1612311365 -0.0245945187 0.0154287687 
-0.0180376499 0.1570543359 0.0416569131 -0.0475522894 
0.0370664731 0.1684815641 0.0449861915 0.0241352860 
0.0713111485 0.0669312806 0.0644876697 0.0733820072 
0.0357087615 -0.0692789534 0.0734760464 0.0350159165 
0.0217116019 0.0554023107 0.0440598088 0.0133169911 
0.0354714258 0.0213612510 0.0014580113 0.0451506273 
-0.0562712282 -0.1024907541 -0.0153846270 -0.0626412513 
0.0260429717 -0.0108611399 -0.0712125350 0.0534321911 
0.0112713475 -0.1582386611 -0.0426436543 0.0388759320 
0.1302471683 0.0066352540 0.0196137796 0.1682065084 
0.0503377534 -0.0932219619 0.0939023987 0.0514099017 
0.0458723784 0.0632968379 0.1056017570 0.0294879955 
0.0187409235 0.1786214353 0.3304388195 -0.0725069265 
0.1366377429 0.0114143829 0.2128364593 0.1280233438 
0.0359108260 -0.1542950084 0.2356117980 0.0018360693 
-0.0207492311 -0.1115936078 0.1222143367 -0.0489197583 
-0.0226996559 0.2261874752 0.1000639072 -0.0741311410 
0.0322353913 -0.0942903765 0.1219256477 0.0203566412 
0.0296191196 0.2260285060 -0.0009981194 0.0209059805 
0.0105850864 0.2407113437 -0.0564807582 0.0081743594 
0.0344890497 0.0439856236 -0.0516405708 0.0552300736 
-0.0361978251 0.0463858986 -0.1171898697 -0.0228317909 
0.0205482472 0.0876242673 -0.0733805937 0.0384407891 
0.0010950038 -0.0006703881 -0.0191283550 0.0062979595 
-0.0908927369 0.1565115107 -0.0704966830 -0.1166087710 
-0.0084354978 0.0338421800 -0.0714521079 0.0037955149 
-0.0083234668 0.0969483356 -0.1128640845 0.0090390374 
-0.0118816717 -0.1516063343 -0.1093722892 0.0241347046 
-0.0684011274 -0.0759503088 -0.1514855552 -0.0470009220 
-0.0394695006 -0.1789721365 -0.1659376706 0.0037727616 
0.0014196858 -0.1485186164 0.1293056717 -0.0180569522 
0.0824383650 -0.1374986582 0.1357046688 0.0874498743 
0.0692540173 -0.1697259929 0.1221481590 0.0759454827 
-0.0125454103 -0.0401396756 0.0286054679 -0.0205336077 
0.0855658696 -0.0370790160 0.3080798516 0.0401577813 
0.1141569913 0.2971419593 0.1667712126 0.0857546887 
0.0960903235 0.0807443223 0.2172413183 0.0670814082 
0.1312203349 0.0423039538 0.2944078525 0.0978331539 
0.2355465613 0.0630046307 0.3626048946 0.2181604723 
0.2297849078 0.1115801978 0.3785213537 0.2024511888 
0.2727167133 0.1705824006 0.5661176854 0.2078776630 
0.2308593501 0.2134842153 0.4948526835 0.1663089447 
0.1681021434 -0.0324412691 0.3594418221 0.1369791748 
0.1219544151 -0.0578512173 0.3208564048 0.0872127204 
0.0436698298 -0.1139062238 0.1135099555 0.0393411362 
0.0125172400 -0.1109172760 0.0969094777 0.0017053903 
0.0445119112 0.0499019320 0.0752943583 0.0363671310 
0.1456311282 0.2267570201 0.2657523644 0.1088403282 
0.0769684498 0.0135589125 0.1414453691 0.0661333480 
0.0592334130 -0.1110164889 0.0550522986 0.0744661834 
0.0147303944 0.0070003601 -0.0275937148 0.0259555912 
-0.0167483401 -0.0581357572 -0.0210913694 -0.0122136314 
-0.0231268866 0.1799664452 -0.1025034566 -0.0202071884 
-0.0057632365 0.0363882995 -0.0337226866 -0.0022860019 
0.0014928557 0.1552286623 -0.1855172022 0.0354340529 
0.0524198803 0.1076985117 -0.1153469389 0.0897550325 
0.0406309360 -0.0387543499 -0.0936613267 0.0808194422 
-0.0023081528 0.1158378433 -0.1302096668 0.0198217260 
-0.0346841794 0.2107820691 -0.0722473942 -0.0457488964 
0.0044266466 -0.0211052074 0.0008379635 0.0074514718 
-0.0247099920 -0.0651519470 -0.0342378443 -0.0189578660 
0.0438017370 -0.0757477409 0.0032973768 0.0638902835 
0.0477300934 -0.0832188487 -0.0292831291 0.0778958109 
0.0481117542 0.0497591199 0.1706002310 0.0173523545 
0.0557793595 0.2423667468 0.1054458337 0.0278137920 
0.0591464931 0.0824246619 0.1520590635 0.0339785031 
0.0867656796 0.2391112962 0.0437261314 0.0848300985 
0.0574718444 -0.0864236543 0.0353292177 0.0749987926 
0.0814420016 -0.0404119694 -0.0197668580 0.1168987141 
0.0692835413 0.1318052732 0.1942950693 0.0328205149 
0.1003230062 0.1766378091 0.1526133197 0.0808908609 
-0.0248700977 0.1463587267 0.0052635852 -0.0466725871 
0.0016722867 0.0191378744 -0.1181306986 0.0301675674 
-0.0123569593 -0.0332315161 0.0052484937 -0.0150187761 
-0.0554617525 -0.0656848073 -0.0888615673 -0.0462598776 
-0.0732264421 -0.0139411275 -0.0633530452 -0.0806352343 
-0.0667181142 0.0140166061 -0.0660077292 -0.0736236038 
-0.1082694256 0.0017006453 -0.0333829701 -0.1361552120 
-0.0955655808 -0.0060330860 -0.1015998970 -0.1015180430 
-0.0263905008 -0.1490993205 -0.1187960808 0.0069366292 
-0.0582580860 0.0690985733 -0.1067907613 -0.0567379720 
0.0072019678 -0.0508402586 -0.0701054373 0.0313656713 
-0.0340517267 -0.0903584498 -0.0886472606 -0.0157106163 
-0.0401131055 -0.0542482665 -0.0765944266 -0.0298148452 
-0.0714344950 -0.0599979885 -0.0961393442 -0.0662113249 
-0.1347425530 -0.0942574649 -0.1364589508 -0.1376872109 
-0.1308001454 -0.1144610865 -0.2029638433 -0.1141208092 
-0.1403084255 -0.0975416832 -0.1148533600 -0.1502360870 
-0.1257507427 -0.1767433237 -0.2083986683 -0.1008393796 
-0.1536568558 -0.1630941452 -0.2127882148 -0.1380875752 
-0.1889051291 -0.1470289515 -0.1586189334 -0.1999663595 
-0.0875450224 -0.0901699055 -0.0967448552 -0.0850263240 
-0.0825410777 -0.1537846817 -0.2272234231 -0.0404335243 
-0.0508605613 0.0568358920 -0.0684655187 -0.0554340264 
0.0668157116 0.3097317144 -0.0880328410 0.0852848495 
0.1289339922 0.1419352643 -0.0941253831 0.1836153966 
-0.0495947028 -0.0526432373 -0.1421557945 -0.0262003854 
-0.0356884926 -0.0165022266 -0.1118508072 -0.0182467694 
-0.0179095348 0.2078779847 -0.1384658855 -0.0065860737 
-0.0361881982 -0.0179941722 -0.0972225239 -0.0224457856 
-0.0328873103 0.0892251617 -0.0928868956 -0.0280634533 
-0.0517877332 0.2106808152 -0.0972580451 -0.0622925343 
-0.0002945250 0.0566862277 -0.0226991406 0.0005582328 
-0.0477266213 0.0304644419 0.0312260275 -0.0739807054 
0.0004161746 0.1708440924 -0.0452307637 -0.0023744173 
-0.0514089598 0.1842010602 -0.0385758570 -0.0742514038 
-0.0197288257 0.0626966737 -0.0769424055 -0.0122942224 
0.0466919539 0.0514835685 -0.0552442330 0.0717766994 
0.0999820461 -0.1433757851 0.0929883522 0.1220102888 
0.0533782144 0.0049592665 -0.0167611099 0.0749479577 
0.0390402942 0.0451080589 0.0146398085 0.0446347686 
0.0166750972 -0.0540149083 -0.0079016072 0.0287101070 
0.0382259513 0.0326085436 -0.1013987988 0.0736002561 
0.0740933817 0.0148017010 -0.0513093528 0.1103850387 
0.0840847205 -0.0865626259 -0.0307010361 0.1270017719 
-0.0065945374 -0.1225026840 0.0214304108 -0.0039417622 
0.0266362769 0.0805284823 0.0878073071 0.0068525023 
0.0851511656 -0.0658885089 0.0923368657 0.0959413801 
0.0037645318 -0.1639799753 0.1573399795 -0.0206506212 
-0.0601105101 -0.1394460611 0.0938964371 -0.0920009510 
-0.1244969375 0.0583539338 -0.0407530433 -0.1606704837 
-0.0299846386 -0.0278949004 -0.0013226627 -0.0373242774 
-0.0144446696 0.0356020157 -0.0076287634 -0.0203192033 
-0.0324586269 0.1249130827 -0.1158116492 -0.0247346805 
0.0046952688 -0.1017023177 -0.0707502146 0.0324231052 
-0.0030107060 0.0501803739 -0.1202172962 0.0218583516 
-0.0262151128 0.1105504156 -0.1159912506 -0.0151682057 
-0.0634238961 -0.0948544036 -0.1467796741 -0.0399657427 
-0.0996040912 0.0691158095 -0.1502845820 -0.1009939603 
-0.0681273029 -0.0391501019 -0.1248212467 -0.0563685838 
-0.0048943049 0.1498102738 -0.1137299160 0.0094225497 
-0.0163381802 -0.1728829815 -0.0938201829 0.0160777206 
-0.1080475860 -0.0568460939 -0.1844454130 -0.0932149203 
-0.0645938450 -0.0792230322 -0.1832370514 -0.0337139445 
-0.0397470719 -0.1839896430 -0.0261496357 -0.0311262167 
0.0485386087 -0.1734017338 0.0589280108 0.0644362867 
-0.0008523188 -0.2989030999 0.0121624542 0.0207315531 
-0.0272540564 -0.1080121710 0.0003835992 -0.0274336275 
0.0850225715 -0.1141215554 0.2462935995 0.0613001584 
0.0615223239 0.1902700942 0.2185357080 0.0115399970 
0.1026357405 0.1178397374 0.2244644988 0.0709115512 
0.1352207927 -0.0766329442 0.2329362806 0.1284463989 
0.1947503965 0.0254143020 0.2638039693 0.1915983445 
0.2472515473 0.1557091019 0.5346781868 0.1830234245 
0.1614996294 0.1005929673 0.4298004173 0.0994999877 
0.1269976569 -0.0922321354 0.3029927892 0.1012680232 
0.0977066954 -0.2243817177 0.1638507460 0.1080113839 
0.0113410533 -0.1785465255 -0.0358055226 0.0389516622 
-0.0118632814 -0.2472623850 0.0604085532 -0.0103146480 
0.0754153764 -0.0058954837 0.1162115922 0.0719922275 
0.1183294888 0.0550494307 0.0587138398 0.1385067392 
0.0428383398 0.0553386328 0.0073130591 0.0506779689 
0.0571379987 -0.1521471567 0.0043817627 0.0877674872 
0.0009929672 -0.1573101883 -0.0082987511 0.0165078264 
-0.0628519587 -0.0934251625 -0.0955111702 -0.0521393888 
-0.0476675099 0.1803676390 -0.1058038715 -0.0521363485 
-0.0477202242 -0.0165784804 -0.1015627129 -0.0368547473 
-0.0382611577 -0.0343059993 -0.2297883213 0.0092910366 
0.0418751100 0.0166250325 -0.0937301485 0.0778805978 
0.0270324852 -0.0708008227 -0.1026530940 0.0676066557 
-0.0010008847 0.0827572744 -0.1301509384 0.0243067822 
-0.0377982246 0.0701189820 -0.1323994538 -0.0231410179 
-0.0176509224 -0.1882893783 -0.0843142287 0.0132347755 
-0.1340693706 -0.2170281567 -0.3067134044 -0.0839951300 
-0.0490040081 -0.1366491185 -0.1100759534 -0.0264322626 
-0.0882023578 -0.0710115272 -0.1266393806 -0.0800256713 
-0.0212445238 -0.0512936194 -0.1315834277 0.0088442935 
0.0050222581 -0.0533403423 -0.0495898239 0.0235388287 
-0.0004403672 0.1649521139 0.0543662895 -0.0279247382 
0.0109427423 0.2107355695 0.0386450083 -0.0126322265 
0.0015198739 0.0997231213 -0.0255902116 0.0001137913 
0.0594227332 -0.1587146484 0.0443366184 0.0813723770 
0.0566470601 -0.0842372035 -0.0544569458 0.0961634169 
0.0549227110 0.0132021550 0.1238934781 0.0411567322 
0.0905998562 0.1707846148 0.1092169033 0.0792635312 
-0.0244911324 0.0320014365 0.0191937746 -0.0401200732 
-0.0621384361 -0.0588614911 -0.0678535128 -0.0609827457 
-0.0555857173 -0.0950669064 -0.1323886323 -0.0330948895 
-0.1080035054 0.0035689198 -0.1694661390 -0.1019355491 
-0.0996958383 0.0007259772 -0.0905417442 -0.1103528465 
-0.1410009476 -0.0693829181 -0.1202472537 -0.1521575402 
-0.1593722181 -0.1021840199 -0.1711467256 -0.1611942744 
-0.0902225318 -0.2002739286 -0.1618688636 -0.0631399992 
-0.1117198522 0.0185604537 -0.1998306308 -0.1005488497 
0.0286512679 0.0399795852 -0.0773254050 0.0542014097 
