-0.0196102930 0.0726186480 -0.0549829038 0.0138555680 
0.0521537129 0.0583585775 -0.1458020317 0.0552351869 
0.0267471269 0.0327448912 -0.0259054818 0.0973298172 
-0.0115595792 -0.0063718284 -0.1827488340 0.1214920355 
0.1062991091 0.3792730921 0.0077728761 0.0834557767 
0.1196010289 -0.0809209209 0.1739104358 0.0113391230 
-0.0002312282 -0.0604687333 0.0725680302 -0.0108372333 
-0.0964724001 0.1035765426 -0.0091535182 -0.1327333383 
-0.1559268275 -0.0853690459 -0.1745295529 -0.1940558688 
0.0433578453 -0.1334227635 0.0831978875 0.0419981699 
0.0809151159 -0.1909414579 0.1356931525 0.0933111305 
0.0104854143 -0.0088838386 0.0734679121 0.0287080007 
-0.0834391607 0.2282499409 -0.1625266989 -0.0847905222 
-0.0019987712 0.1681493513 -0.0069654340 0.0488715131 
-0.0246348389 0.1392966749 -0.0204655335 -0.0607291948 
-0.0602813155 0.1731034067 0.0496231537 -0.1202415475 
-0.1009991086 -0.3139171917 -0.1210688069 -0.1182837943 
-0.0524806077 -0.1943979323 -0.0217971649 -0.0182723424 
-0.0599281580 -0.0069040759 -0.1793523135 -0.0247239403 
-0.0218622392 -0.0054559881 -0.0177045346 -0.0018606433 
0.0654429605 -0.0455955600 -0.0132652605 0.0564337777 
0.0130540786 -0.2206984953 0.0540650244 0.0386322158 
0.0208603142 -0.0137850052 -0.0830070054 -0.0141917478 
0.1138825642 -0.0294739310 0.0151277594 0.1341745853 
0.0626864955 -0.0644416186 0.0267094789 0.0539362531 
0.0536760263 -0.0620361283 0.2121630915 0.0704203795 
0.0555926978 -0.0569525052 0.0483347927 0.0373761123 
0.0880916778 0.2317277203 0.1357004755 0.0954992172 
0.0052893657 -0.0418554834 -0.0739280445 0.0188001561 
-0.1278402175 0.0018528187 -0.0902363643 -0.1071814133 
-0.0522989328 0.0183857428 -0.0188213708 -0.0497102643 
0.2159283193 0.2231019739 0.1319201979 0.1759913076 
0.1224344700 0.0190370599 0.0864895546 0.0928272102 
-0.0242045924 -0.1911758230 -0.0926775681 -0.0316576976 
-0.0556774609 -0.0868371696 0.0220989667 -0.0531997874 
0.0422231977 0.1615859752 0.1156266253 0.0438807363 
0.0602899536 -0.1337059841 0.1893056418 0.0573128843 
-0.0804599086 -0.0495016082 -0.1190429207 -0.0455276726 
-0.1183598502 -0.1210031599 -0.2617049850 -0.1711047751 
0.0293685242 0.2126094313 0.2297159732 -0.0255413612 
0.0437581087 -0.1291677444 0.1096136119 0.0247432818 
0.1178450221 0.0136874592 0.2114839870 0.0930392089 
-0.0807670164 0.0777379713 -0.0502226155 -0.0758534406 
0.0395238970 0.1458178363 0.1304369266 0.0389391426 
-0.0119408450 0.3125878279 0.1318962537 -0.0590636084 
0.0824374684 0.0847327611 0.3102943684 -0.0192138118 
0.0450685051 0.1490615592 0.1149026550 0.0803185013 
-0.0348067766 -0.0222353819 0.0988695539 -0.0396003079 
0.0060005990 0.0995061256 0.0693214594 -0.0084349551 
-0.0739615758 -0.0582525618 -0.0699822687 -0.1386471160 
-0.0543301432 -0.0593536921 -0.1927935512 -0.0643561217 
-0.0006682062 0.0257042358 -0.0305940348 0.0434451642 
0.0034731372 0.0372364995 -0.0614830134 0.0042576460 
-0.1187307531 -0.0492841021 -0.2088870915 -0.0416430533 
0.0564784006 -0.0251716900 -0.0258792466 0.0839959369 
0.0613811787 -0.0590557035 0.0639605266 0.0984858933 
0.0251968927 -0.2931971086 -0.0530383305 0.0959431234 
-0.0842559486 -0.1958880659 -0.0995146432 -0.1020138222 
-0.0081890432 -0.3133507910 0.0560739933 -0.0219385545 
-0.1195632129 -0.2930306538 -0.1925974860 -0.1031502031 
-0.0178664685 -0.1165411634 -0.0878803401 0.0137929360 
-0.0040180281 -0.0896046738 0.0728251663 0.0010488274 
-0.0968286924 -0.0243492670 -0.0685128927 -0.0946092218 
0.3217405712 0.0093313152 0.3482300183 0.2269140952 
0.1094398154 0.1766983456 0.2521866968 0.0470053490 
0.1165754754 -0.1315357038 0.1638956889 0.2142271181 
0.0802252754 0.1032817792 0.0149701598 0.0878823437 
-0.0464700983 -0.1100609332 -0.0149725954 -0.0728760659 
0.0225021301 0.1088327144 0.0274741536 -0.0461703433 
-0.0420781540 -0.1116824850 -0.0308412229 -0.0425189431 
-0.1268100457 -0.2131467592 -0.0866759518 -0.1423299924 
0.0466086405 -0.1282075870 0.0234954039 0.0618664399 
0.0056628481 0.0130229386 -0.0859128939 0.0030615270 
0.0804954554 0.0123083602 0.0960497259 0.1365832180 
0.0414104187 -0.0308044609 0.1581751466 0.0419649877 
-0.0211960606 -0.0971673409 0.1232328555 -0.0169783275 
0.0188494398 -0.0911805641 0.0092477223 -0.0049474008 
-0.0896074875 -0.2276627097 -0.1061126744 -0.1082165745 
0.1056273640 0.0706877594 0.1731764895 0.1138880186 
0.0803240714 0.3396913112 0.0528367010 0.1690873800 
-0.0509251812 0.4083801311 0.0306327779 -0.1093253872 
-0.0121687979 -0.0176876440 0.1371297403 -0.0390328173 
0.0849244669 0.3640906893 0.1688382503 0.0560409200 
-0.0311565012 0.0865637193 0.0993656473 -0.1058966788 
-0.0367259080 0.0974965156 -0.0831376082 -0.0049977468 
-0.0124385958 0.1472132982 0.0273281833 -0.0253328272 
0.1713453926 0.2600713212 0.1899120496 0.1855091511 
0.0387583362 0.1939596381 0.1113378584 -0.0037266190 
-0.0776674696 0.0213114981 0.0108534096 -0.1100309871 
0.1111118774 0.0473570909 0.0587068744 0.0845684976 
0.1372786148 0.2412434626 0.3615614794 0.0664802824 
0.0495472239 0.0656338687 0.0214194026 0.0716147353 
-0.1292765337 -0.2610009250 -0.1765053125 -0.1225705420 
-0.0712012905 -0.0767919311 -0.2228057471 -0.0940320466 
-0.2027301546 -0.1247325407 -0.1793622850 -0.1934336590 
-0.0416341577 -0.0536673489 0.0668942446 -0.0898032669 
-0.0245672045 0.0721461238 -0.0260627481 -0.0094666312 
0.0847631797 0.1281078843 0.0646126994 0.1524619271 
0.0547306922 0.0299541226 0.2224263815 -0.0525687372 
-0.0111951937 0.1355684250 -0.0438159774 -0.0172837444 
0.0145983443 0.0228401049 0.0323914089 -0.0249741124 
-0.0911675103 -0.0342371864 -0.1357373485 -0.1061811142 
0.0170053099 0.0319791928 0.0516645610 -0.1018514934 
-0.0502400723 -0.1020188895 -0.0333381497 -0.1171841838 
0.0027146071 -0.0910918167 -0.1041789113 0.0431034569 
-0.0144332072 -0.1505860459 -0.0203098595 -0.0672057209 
-0.1040081700 -0.1365975169 -0.0439243155 -0.1376341041 
-0.0269384353 -0.1270549991 0.0428762458 -0.0380860766 
-0.1384175182 -0.0762730455 -0.1041031128 -0.1569075334 
-0.0674118089 0.0297348294 -0.0943192613 -0.1114912860 
-0.0297245224 -0.0145870683 0.0034885869 0.0342813145 
-0.0329133516 -0.0114111883 0.0361712758 0.0182041253 
0.0373526945 -0.0479725364 0.1231539384 0.0557241571 
0.0945280784 0.0052798087 0.2639963198 0.1858700353 
0.1068048588 0.0549628467 0.0482559386 0.1402158361 
-0.0382710872 -0.0168615568 0.1127208300 0.0131438535 
-0.0853259783 -0.2469112658 -0.0446245734 -0.0156820431 
-0.0878579573 -0.2740218038 -0.0838276419 -0.0672602554 
-0.0558415816 -0.1626345271 -0.1370402936 -0.0528741257 
-0.0052903276 0.0168696143 -0.1325112248 0.0479288038 
0.0807420943 -0.0910364609 -0.0457481658 0.0977237988 
0.0132159333 0.2575345106 0.0690238262 -0.0998553532 
0.0810905929 0.1254319839 0.1271332247 0.0330478110 
0.0260285577 0.1050933680 0.1121965328 -0.0102775425 
-0.1190039854 -0.0743963650 -0.1433232715 -0.1258164514 
-0.0500343585 -0.0833787194 -0.1985341977 -0.0628457850 
-0.0811217105 0.0229393308 -0.2008586930 -0.1120045357 
-0.0253308267 -0.0111600355 -0.1146194365 0.0201728210 
0.0471279163 0.0656376553 0.2542057563 0.0262105317 
0.1643153290 0.1621341555 0.2236089076 0.0804315074 
0.0313153853 0.1895727191 0.1904366094 0.0435811662 
-0.1078604279 0.2411603770 -0.3100900835 -0.1030384947 
-0.0614229378 0.4012615697 -0.2437932779 -0.0595275911 
-0.0399606842 0.3087139610 -0.1455357510 -0.0759783566 
-0.0855300876 0.2611387880 -0.1703847009 -0.1868579206 
-0.1542867372 0.2106987160 -0.1785328552 -0.1985838714 
-0.1576631689 0.0564879559 -0.1356072840 -0.1536799974 
-0.0639998572 0.1363930294 -0.1445784524 -0.0734180990 
-0.1074642849 0.0555734663 -0.0125278583 -0.1751848755 
-0.0708604763 -0.0177669328 -0.1376537698 -0.1129374117 
-0.0545597003 -0.0669316109 -0.1435645276 -0.1489107034 
-0.1060487450 -0.0567067402 -0.1881837792 -0.1618660319 
-0.0585201932 -0.0685100984 -0.1976258858 0.0156206993 
-0.0651614570 0.0684968909 -0.2170185748 -0.0145336355 
-0.1135368505 0.0386346709 -0.2414623217 -0.1813355661 
0.0019847417 0.3056623130 -0.1894597436 0.0121519963 
0.0195709091 -0.0724665962 0.0270904436 0.0066388115 
0.1497434841 0.0278004835 0.0962433298 0.1606480182 
0.1094814672 0.1336332962 0.0435114903 0.0967837001 
0.1006695268 0.3024488293 0.1946288198 0.0380327814 
0.0713666441 0.2197018232 -0.0222935717 0.1063233012 
-0.0340782521 0.0567591525 0.0426050805 -0.0965721054 
0.0111080656 0.1650384081 -0.0378037633 0.0155625370 
-0.0112315480 0.3025238204 -0.0442776942 -0.0549185191 
0.0097801757 0.4084675616 -0.1064945251 0.0343562613 
-0.1226549550 0.1342321878 -0.1100989931 -0.1334854889 
-0.1132126286 0.0497162817 -0.1412001648 -0.0399441359 
-0.0602616906 0.0147595924 -0.0644433114 -0.0355136572 
-0.0982930759 -0.0370441116 -0.0933169213 -0.0710855462 
-0.0902067008 -0.0697661182 -0.0494167506 -0.0482188242 
-0.0427713161 -0.0340746861 -0.0626159363 -0.0641904032 
-0.0009910985 -0.0451749900 -0.0454788440 0.0011605499 
-0.0517468711 -0.1155274224 -0.0976288711 0.0184245062 
-0.1509079645 -0.2208833039 -0.1077314687 -0.1718094519 
-0.1196151868 -0.1747044023 -0.1729545216 -0.1729133526 
0.1476355679 -0.0448619194 0.3130057856 0.1994601780 
0.1841206972 0.0435913133 0.1837565242 0.2002966050 
0.0964213900 0.0011404837 0.1730112511 0.0585730126 
0.0311105714 -0.0991828024 0.0427363270 0.0709832643 
-0.0005231846 -0.0780512773 0.0138832281 0.0456242985 
0.0413938362 -0.1428714800 0.1411337769 0.0686965348 
0.0265953477 -0.1033388062 0.1688099040 0.0655549647 
0.0656485713 0.0897685683 0.1024237168 0.1305813259 
0.0743843738 0.1529136916 0.0766154650 0.0505108834 
0.1305639358 0.1465750118 0.1341333058 0.2088346076 
0.1063349869 0.0975444355 0.1696901597 0.0872751740 
0.0799610703 0.1557120333 0.1941461422 -0.0141366824 
-0.0219426391 0.2540087025 0.1971873634 -0.1201444107 
-0.0281798123 0.3150108677 0.2268057733 -0.1399789259 
0.1147432796 0.2083130144 0.2276757000 0.0704421207 
0.0690285022 0.2343512149 0.1724903551 0.0787341382 
-0.0672364249 0.0232754513 -0.0025455447 -0.1163046691 
-0.1200662421 0.0564384164 -0.1067890249 -0.1428657412 
-0.0015327992 0.1271229270 0.0757093026 -0.0488642214 
0.0372784410 0.1687182622 0.4537129915 -0.0303208050 
-0.1446815197 -0.1128423884 -0.0592441251 -0.1740486325 
0.0133719327 -0.0374170489 -0.0441185466 -0.0257835439 
-0.0801832553 -0.1416897626 -0.0857517065 -0.0480258439 
-0.0088076656 -0.1233129348 -0.1218287509 0.0589561534 
0.0005682626 -0.1786318640 -0.0206572005 0.0278947788 
-0.0945205891 -0.1304981653 -0.1659093111 -0.0373281465 
-0.0879131448 -0.1154020191 -0.1308324606 -0.0076038630 
-0.0470197472 -0.1139762347 -0.1589327369 0.0221314365 
0.0000833108 0.0704323460 -0.0336597406 0.0453773965 
-0.1555121890 -0.0475045635 -0.1338324256 -0.1415909732 
-0.0530571274 -0.0840388065 -0.0075208261 -0.1813025931 
0.0203557432 -0.0825648194 -0.1146640731 -0.0148749822 
0.1394741861 0.0742270416 0.1898783432 0.1623223985 
0.1909929544 0.0890751743 0.2432579460 0.1548773336 
0.1082098513 0.0703035525 0.1560412488 0.1314999857 
0.1691453851 0.0706341719 0.2931311106 0.2378361800 
0.0882156632 0.2041292888 0.1433777312 0.1005096994 
0.0273451789 0.0831934280 0.1374046983 -0.0480170712 
-0.0428790136 0.2102051409 0.0909245650 -0.0608592317 
0.0345337219 0.2263194658 0.1593802553 -0.1617499094 
0.0862367390 0.0145536598 0.0849773997 0.1562356012 
-0.0561152432 -0.0897447267 -0.0138170009 -0.0574569184 
-0.0513110440 0.0518202647 -0.0365852813 -0.1163641141 
-0.0116927558 -0.0719667553 0.0765562493 0.0216931619 
-0.0017893943 -0.1322827107 0.1407661172 -0.0010920211 
0.1221757870 0.0340770622 0.2473867863 0.0673374749 
-0.1218430924 -0.0582746230 -0.0735545473 -0.1664769179 
-0.0728854271 -0.1219287717 -0.0881227406 -0.0188738724 
-0.1529286013 -0.1066961951 -0.1196847062 -0.1483264089 
0.1071793231 -0.0179308159 0.1344557161 0.1169971420 
-0.0252471568 0.2065136625 0.1337658140 -0.0602366664 
-0.0381909255 -0.0702146566 0.1687371741 -0.0215410897 
0.0169843467 0.2139069914 0.0859364576 0.0008589569 
-0.0745712752 -0.1074838867 -0.0787693464 -0.0992448546 
0.0117959484 -0.1526581376 -0.1041178351 0.0342870610 
-0.0032316922 -0.0309199362 -0.1443868725 0.0036201844 
0.0834514170 0.1267219557 -0.1063579649 0.0906870142 
0.0736703227 -0.0808623284 -0.0232481412 0.0704387700 
-0.0025814493 0.0970821067 0.0010271904 -0.1056260772 
-0.0041023514 0.0871779164 -0.0622788925 -0.0003096796 
-0.0187406217 -0.0475746682 -0.0533810327 0.0005169871 
0.0032842512 -0.1205321316 0.1528177933 0.0110180596 
0.0937572955 0.4305215928 -0.0611184907 0.1516770984 
-0.0002880050 0.0420104678 -0.0715747934 0.0317028525 
0.0543796192 0.0109456292 0.0700843612 0.0600298250 
-0.0169755695 -0.0697438079 0.0853751086 0.0611117224 
0.0076947717 0.0359749264 -0.1149045657 0.0065301761 
0.0366139136 0.1484370062 0.0100226827 0.0415128769 
0.0341738069 -0.0601598015 0.1218130215 -0.0069629920 
-0.0455132702 -0.0792050478 -0.0405136663 0.0088123797 
-0.0508781494 -0.3161386541 0.0266317938 -0.0443264948 
0.0463868618 0.0541824566 0.0400922719 -0.0173600028 
-0.0100667593 -0.1028247330 -0.0101929898 -0.0943594719 
-0.0442504129 0.0275831261 -0.1165712586 -0.0058081188 
-0.1291165017 -0.0572691741 -0.1043637392 -0.1163238251 
0.0388020851 0.0163913435 0.1985816280 0.0196919922 
0.1040051886 0.1969508894 0.1291707074 0.1490246148 
0.0077416180 0.0421753410 -0.0448172500 -0.0149567493 
-0.0247400878 0.0913555486 0.0661748768 -0.0637851179 
-0.0592084360 -0.1004275110 -0.0949517048 -0.0430258532 
-0.0774973564 -0.1397973158 -0.0857065562 -0.0741114701 
-0.0077391899 -0.0167497066 0.1852338575 -0.0174148942 
-0.0254213314 0.0122163326 0.2299276351 -0.1118072052 
-0.0320092495 0.0502238198 0.0560910862 -0.0346010882 
-0.1053913830 -0.1489476334 -0.0923069239 -0.1255340973 
0.0006448051 -0.0680607382 0.0815296181 -0.0313736058 
0.0580070417 0.0413976823 -0.0225074379 0.0201967089 
0.0019177509 0.0237416440 -0.0510719924 0.0443775129 
-0.0994694995 -0.0063139730 -0.0076292282 -0.0990292389 
0.0536008788 -0.0004622109 0.0665877902 0.0729541902 
-0.0332221218 0.1224138740 -0.0504277112 0.0152737762 
0.0898836617 -0.1293349715 0.0543330829 0.0719652044 
0.0203490248 -0.0237697768 0.0364852258 -0.0395493577 
-0.0081882720 0.2433536316 -0.0314532683 -0.0245571156 
0.0516827408 -0.1610163586 -0.0810232050 0.1278310085 
-0.0433128873 0.1809284328 0.0966791034 -0.0689242504 
-0.0990070394 0.0323144240 -0.0909344745 -0.0576312186 
-0.0348041273 0.0603997215 -0.0332359634 0.0066581354 
-0.0513481706 0.1204787791 -0.1030330135 0.0006400347 
-0.0219495990 0.2219172016 0.0278701943 -0.0732969951 
-0.0422115476 -0.0452781474 0.1163572053 -0.0776927299 
-0.0093611222 0.1365466597 0.0211916217 -0.0025805891 
0.0486439935 0.1024115177 0.0049240957 0.0995746027 
0.0370237012 0.0141433752 -0.0230335867 0.0872365224 
-0.0232589153 -0.1294253903 0.0834685795 -0.0232058268 
0.0046485082 -0.1446258659 0.0198089556 -0.0574729182 
-0.0436213898 -0.0181473255 -0.0921294023 -0.1018404735 
-0.0742792179 0.0057337331 0.0022592216 -0.0731499392 
-0.0185159426 0.0695650331 -0.0724668854 -0.0185646307 
-0.0933661147 -0.1064108002 -0.0829193579 -0.0909279920 
-0.0667824211 0.0648195670 0.0588656770 -0.1286869117 
0.0430624373 -0.1009580879 0.1518990305 0.0581643468 
-0.0056501839 -0.1254526759 -0.0579092510 0.0283367700 
-0.1179929508 -0.2469626012 -0.1565413040 -0.0857902595 
-0.0473090660 -0.0412735493 -0.0967656031 0.0315169590 
0.0105614207 -0.0299069024 0.0766725788 -0.0609784832 
0.0216135284 0.1189923615 0.0872743911 0.0248490952 
-0.0800895370 -0.0540198677 -0.1630537868 -0.0675518156 
-0.0496790714 0.0009103253 -0.0094658368 -0.0722303953 
-0.0410755556 0.0461733193 -0.0864446844 -0.0401211321 
-0.0606671034 0.0212317303 -0.0627178739 0.0131829603 
-0.0650282882 0.0864224982 -0.1468955335 -0.0856651458 
-0.0368079554 0.0275867768 -0.1243414862 -0.0635673611 
-0.0835452129 -0.1071403807 -0.0222846555 -0.1381998769 
-0.0431877635 -0.2423438149 -0.0213704099 -0.0507376691 
-0.0365564369 0.1264304711 -0.0205353400 -0.0098574990 
-0.0007933447 -0.1426902130 0.0455136319 0.0152158499 
-0.0669141648 -0.1361006393 0.0507932721 -0.0277942160 
0.0704835663 0.0715768681 0.3178462142 0.0459483864 
0.0417856581 0.0591277501 0.0920132830 0.0704809717 
0.1204989739 0.1245903921 0.1274690749 0.0683052231 
0.0182403724 0.2671985314 0.1085039742 -0.0459990789 
-0.0342697401 0.1474738149 0.0247053703 -0.1020397288 
0.0410804274 -0.0846834339 0.0577206678 -0.0077097858 
0.0180080888 -0.0247236956 0.1514769197 0.0409386243 
-0.0180005910 0.1170554688 0.0434850167 -0.0735616395 
-0.0541818805 0.0449296450 0.0510495197 -0.0647825664 
0.0440810057 -0.2007092405 0.1367529689 0.0350486452 
0.0573858692 0.0052630628 0.2125419642 0.0717386441 
0.0031203600 0.0185505996 0.0705833349 -0.0205025340 
-0.0327024932 -0.3047351267 -0.1452035357 -0.0158101986 
0.0478235804 0.0977436773 0.0541355018 0.0480495976 
0.0168707013 0.0226187485 0.1569939726 -0.0321279471 
-0.0361129843 -0.0198511887 0.1477505953 -0.0298711979 
-0.0945288703 -0.1292834846 0.0969752239 -0.1078725503 
-0.0709972152 -0.0854570734 -0.0384384914 -0.0747972333 
-0.0502166265 -0.0994723832 0.0123033968 -0.1427494008 
-0.0673145209 0.1168927881 -0.0328845280 -0.0148041052 
-0.1016123455 0.1714558385 -0.1198961472 -0.1683074657 
-0.0371629199 0.0247512149 -0.0681812299 -0.1197526983 
0.0195446331 -0.2157104574 0.1450335021 0.0335175873 
0.0041479259 -0.1443394397 -0.0207796350 0.0539749943 
-0.0317759842 -0.0237618219 -0.0049359106 -0.0499759947 
-0.0199935228 -0.1341247849 -0.0504271039 -0.0222225718 
-0.0565870482 -0.0858439609 -0.0364472233 -0.0354136345 
-0.0243026571 -0.0547408700 -0.0193731273 -0.0144317358 
0.1004215149 0.0124888014 0.2899134021 0.0903741448 
0.1352574407 0.0835578849 0.2250818548 0.1761094651 
-0.1063905302 -0.1480319732 0.0011740366 -0.1220193742 
-0.0235341042 0.0834135210 -0.0175906897 -0.0825945674 
0.0055237936 0.0518472995 0.1092986621 -0.0296064127 
0.1255457250 0.0255384615 0.1532105925 0.1184599558 
0.0325375308 0.2697247642 0.0307666627 0.0058814239 
-0.0472207653 0.4306703441 -0.1719021933 -0.0727418961 
-0.0979192306 -0.0357615303 -0.1115873563 -0.0531481506 
-0.0547363022 0.1101975285 -0.1598783756 0.0096801858 
-0.0792957215 0.1067627559 -0.0929053489 -0.0480758303 
-0.0209492724 -0.0331628141 -0.0540974412 0.0432279633 
-0.0910936495 -0.0636759590 -0.1859750140 0.0146435722 
-0.0398561960 0.1110306500 -0.2071811508 -0.0057500815 
0.0918702020 0.2964731850 0.1236071033 0.0409157003 
-0.0642428122 0.1703873375 0.0198704538 -0.0568295539 
0.0484637589 0.0880181942 0.1304418878 0.0725103167 
0.1033904052 0.3626174097 -0.0311411450 0.0305316225 
-0.0142607986 0.1615703559 0.0028131474 -0.0366624310 
-0.0730558770 0.1072837125 -0.1832126974 -0.1516136941 
-0.0606817561 -0.0098624133 -0.0674312861 -0.0383645518 
-0.1384922272 -0.0241159937 -0.2854823546 -0.0672776207 
-0.0768390668 -0.1338948730 -0.0973634893 -0.0558176089 
-0.1123124446 -0.2892285101 -0.1314853052 -0.0819288074 
-0.1135713042 0.0029753886 -0.1668928837 -0.1545681157 
0.0322363817 -0.0118172026 0.0005737660 0.0548859642 
-0.0246289550 -0.1351826870 -0.0520683548 -0.0386576655 
-0.0639192101 -0.0681311285 -0.1299506783 -0.1020016100 
-0.0709068826 -0.0333254133 -0.0348394465 -0.1136201657 
-0.0931804737 -0.0048798963 0.0623514945 -0.1165045014 
-0.0051417318 0.0263341490 0.0709021186 -0.0318688914 
-0.0055147003 0.2047121122 0.0440440510 -0.0869579039 
-0.0587821214 -0.0340101305 -0.0587691017 -0.0574048309 
-0.0560492079 0.1411331137 0.1440722887 -0.1348232662 
0.0672670622 0.0347123615 0.0472500572 0.0830388924 
0.0598301288 0.2150905601 0.0238333631 0.1011943586 
-0.0393326238 -0.0870281100 0.0202125552 -0.0440401727 
-0.0719510892 -0.0066356383 -0.0849908774 -0.0754248386 
-0.0036325240 -0.1258317797 -0.1158216517 -0.0223324976 
0.0274176116 -0.1205044934 0.0051314407 -0.0038275249 
-0.0186748315 -0.1576436997 -0.0351678633 0.0344160346 
-0.0451664193 -0.0566838714 0.0244796278 -0.0779919874 
-0.1181619072 -0.2063719677 -0.1429166532 -0.1071868081 
-0.0937448376 -0.1507310394 -0.1616145373 -0.0977804052 
-0.0523806030 -0.2298218593 -0.2087178858 -0.1145506478 
0.0513731360 -0.0304338141 -0.0665495485 0.0369838712 
-0.0434899370 -0.0653279904 -0.1160618562 -0.0269242070 
-0.0313601407 0.0338838002 -0.0713613878 -0.0367001977 
-0.0402684514 0.0272425873 -0.0138481590 -0.0941579308 
-0.1206906475 0.1803004730 -0.1869245945 -0.0912641309 
-0.1219888221 -0.0034464084 -0.2285663735 -0.0798325700 
-0.1496505713 -0.1112155658 -0.2423317147 -0.1426094932 
-0.0636660908 0.0143205894 -0.0749978397 -0.0625963625 
-0.0531223803 0.1402671180 -0.0330733924 -0.1047306661 
-0.0229106066 0.0713411994 0.0007227919 -0.0201820753 
0.0174315467 -0.0191407450 -0.0372798323 -0.0018404916 
-0.0270826009 -0.0093319904 -0.2116746656 -0.0068119743 
0.0333805124 0.1291007848 -0.0787832173 0.0290894368 
-0.0283825261 0.0430988211 -0.1138251900 -0.0101333539 
-0.0482812335 -0.2382176535 -0.1400861142 -0.0364431615 
-0.0342249322 -0.1834105868 0.0207876683 0.0568941413 
-0.0362160834 0.0416376729 -0.1251486867 -0.0170338124 
-0.1207030833 0.0428177438 -0.1676354860 -0.1120735474 
-0.1609079737 0.0243988286 -0.2635199622 -0.1079264560 
-0.0730466605 -0.1043336181 -0.1440249382 -0.0890428498 
-0.0938299448 -0.0987365311 -0.1616386089 -0.1021872496 
-0.0674041101 0.1215081038 -0.1077791067 -0.1584059364 
0.0836158384 0.0836609778 0.0666739066 0.1735861474 
0.0551057499 -0.0230833487 0.2046276351 0.0283924668 
0.0235067981 -0.0624721633 0.1293087665 -0.0560730931 
-0.0184253764 0.1084088741 0.0295561881 -0.0393212136 
-0.0588764878 0.0092800938 -0.0203567838 -0.0725633893 
0.0222412466 -0.1496123099 -0.0653111894 0.1253659574 
0.0049059408 0.0309876455 -0.1293069597 0.0583837323 
0.0354603500 -0.0227799162 -0.1376075367 0.0653693949 
0.0493068008 0.0344160672 -0.0090272323 0.1008336523 
0.0137573872 -0.0360635608 -0.0795523478 0.0831197104 
0.0110809369 0.0006228222 -0.1067444062 0.0534386517 
-0.0366908576 -0.0286470285 -0.0059285948 -0.0156730590 
-0.0583973081 -0.0773294482 -0.0428023609 -0.0441748753 
0.0599387864 -0.0706874146 0.0118670075 0.0981477171 
-0.1195795214 -0.0602703927 -0.1256548888 -0.1049230684 
0.0360146437 0.0442506627 0.1013846750 -0.0330713435 
0.0503967526 0.0181074267 0.0497661226 0.0374558033 
-0.0420258908 -0.0314478471 -0.0644873653 -0.0229203890 
-0.0120697559 0.0310122402 0.0996061576 0.0224833637 
0.1207206613 0.1767246694 0.3979978881 0.1004458013 
0.0691298986 0.2043736216 0.2095316230 0.1230445967 
0.0647253233 0.0078513541 0.1363190134 0.0914252030 
0.1045232991 -0.0348337633 0.1629867435 0.1252725795 
0.0742503325 -0.0614137245 0.1498042601 0.1125366442 
0.0084008437 -0.0189135681 -0.1050817104 0.0025257663 
-0.0656302983 -0.1478605370 -0.1437474216 -0.0473111537 
-0.0960650436 -0.1085700761 0.0479522817 -0.1249040585 
-0.1621991061 -0.0473111279 -0.1696152182 -0.1910084417 
-0.1567369600 -0.0415464684 -0.0673346878 -0.1667521614 
-0.0707338322 -0.0216834156 0.0273622810 -0.0546569932 
-0.0445853907 -0.0616329786 -0.0219249921 -0.0008968608 
-0.0299518342 -0.0306707147 -0.0278773583 -0.0097109349 
-0.0060667816 0.0402006844 0.1576924021 0.0117719151 
-0.0461791318 0.1049170358 0.1078484287 -0.0947046537 
-0.0426881978 0.0756692851 0.0239435409 -0.0346518411 
-0.0764877701 -0.0560897465 -0.0554577070 -0.0875623018 
0.0570706082 -0.1032805122 0.1146416960 0.0446740161 
0.0848375646 -0.1243676043 0.1295160443 0.0779722436 
0.0399888600 -0.0706900208 0.2352549312 0.0270273658 
0.1472362806 0.1223907417 0.2574851034 0.1285995521 
-0.1195116018 -0.1142081178 -0.0772646844 -0.1322888959 
-0.0515293710 0.1989037735 0.0072123660 -0.0832643877 
0.0661309063 0.3581960765 0.1572199060 0.0880142091 
0.0441401877 -0.0339054839 0.0732859042 0.1277421088 
0.0906388401 0.1785877331 0.1424976998 0.1088576105 
0.0603087436 0.0157786147 0.1891369943 0.0674833307 
-0.0107505458 0.0040968230 0.0903690631 -0.0273219458 
0.0076245951 0.0617014846 0.0540808029 -0.0341064849 
0.0019564411 0.0748366438 -0.0152126297 -0.0172321741 
-0.0250949710 -0.0369911872 -0.1146395117 -0.0313915916 
-0.0319751752 0.0103549238 -0.1841511070 -0.0313050980 
-0.0502043024 -0.0904254543 -0.1233559483 0.0034748067 
-0.0949720253 -0.0762818150 -0.1239421314 -0.0848820216 
-0.0139493007 -0.0948139808 -0.0829830907 -0.0168494356 
0.0018164569 -0.0531200635 -0.0914782368 -0.0085801223 
0.0980612520 -0.1327003457 0.0514358916 0.0932359151 
0.0293661926 -0.0307452147 -0.0564891507 0.0707092834 
-0.0753661234 -0.0921632277 0.0082620758 -0.0884898584 
0.1219130987 -0.2058682068 0.1701228478 0.1141783718 
0.1845954970 -0.0895498293 0.1715718432 0.2118214055 
0.1739492347 -0.1630871281 0.1920489643 0.1703798801 
0.1410491339 -0.0652090206 0.0604183934 0.1895091915 
-0.0038607950 -0.1024555823 -0.0438938298 0.0011924565 
-0.0320999068 -0.0489033721 -0.0364291785 -0.0789793171 
-0.0750996068 -0.0180673816 -0.0383043800 -0.0862839821 
-0.0787324143 -0.0109755575 -0.1110044826 -0.0706486158 
-0.0885580280 -0.0511499302 -0.1159610617 -0.1136530679 
-0.0290220715 0.1192947264 -0.0419368252 -0.0292017581 
0.0683843717 0.1578799651 0.0128160659 0.1166500176 
-0.0341934579 0.0681878259 -0.0734463046 -0.0289727678 
-0.0745510649 -0.1076367834 -0.1179168292 -0.1732642535 
-0.0848104727 -0.0811278689 -0.0924733276 -0.1036313104 
-0.0524385471 0.1202997405 -0.0668583670 -0.0978753843 
0.0075091829 0.0494792131 -0.0438288725 0.0837608977 
0.1358452981 0.1361628633 0.0642447625 0.1736930337 
0.0789426510 -0.0822563115 0.1210695528 0.0745968015 
0.0622736732 0.0089167797 0.0076284669 0.1617008636 
-0.0416285050 0.0036607678 0.0808280216 -0.0591184001 
-0.0385331926 -0.0496381399 -0.0098122764 0.0281694589 
0.0171989072 -0.1637208498 0.0828080581 0.0691785977 
0.0070877730 -0.0070561637 0.1501710510 -0.0126639227 
-0.0136005227 -0.0552162455 0.0710842660 -0.0136722778 
-0.0374351872 -0.0401867003 0.1156783186 -0.0371558131 
0.0256199535 -0.0068653325 -0.0139857720 0.0374819475 
0.0617898255 -0.0260634257 0.0779008181 0.0184860927 
0.0248858529 0.0131607495 0.0092342412 -0.0539956640 
0.0184834896 -0.0196698156 -0.0501865748 0.0455655865 
-0.0308059728 -0.0879640784 -0.0709609853 -0.0646111847 
0.0801450650 -0.0354833360 0.1185644537 0.0958673925 
0.1136523309 -0.0897453470 0.1400110348 0.1195123894 
0.0909333424 -0.1088690753 0.0342270247 0.1570774418 
0.0785417061 -0.2447713774 0.1482001611 0.0915040133 
0.0225091095 -0.1519267667 0.0013251414 0.0390132895 
0.0059962539 -0.1247292509 0.0319979353 -0.0292718394 
-0.0679731722 0.0328080184 -0.0017472713 -0.0724333549 
-0.0703808616 -0.0125812608 0.0074303955 -0.0295619603 
